#HostID HostID Volume/Flows
25 25 996
25 24 996
25 26 996
25 23 996
24 25 996
24 24 996
24 26 996
24 23 996
26 25 996
26 24 996
26 26 996
26 23 996
23 25 996
23 24 996
23 26 996
23 23 996
25 38 1040
25 35 1040
25 36 1040
25 37 1040
24 38 1040
24 35 1040
24 36 1040
24 37 1040
26 38 1040
26 35 1040
26 36 1040
26 37 1040
23 38 1040
23 35 1040
23 36 1040
23 37 1040
25 42 272
25 39 272
25 40 272
25 41 272
24 42 272
24 39 272
24 40 272
24 41 272
26 42 272
26 39 272
26 40 272
26 41 272
23 42 272
23 39 272
23 40 272
23 41 272
25 46 150
25 45 150
25 43 150
25 44 150
24 46 150
24 45 150
24 43 150
24 44 150
26 46 150
26 45 150
26 43 150
26 44 150
23 46 150
23 45 150
23 43 150
23 44 150
25 59 119
25 60 119
25 61 119
25 62 119
24 59 119
24 60 119
24 61 119
24 62 119
26 59 119
26 60 119
26 61 119
26 62 119
23 59 119
23 60 119
23 61 119
23 62 119
25 50 1363
25 49 1363
25 48 1363
25 47 1363
24 50 1363
24 49 1363
24 48 1363
24 47 1363
26 50 1363
26 49 1363
26 48 1363
26 47 1363
23 50 1363
23 49 1363
23 48 1363
23 47 1363
25 74 1363
25 72 1363
25 71 1363
25 73 1363
24 74 1363
24 72 1363
24 71 1363
24 73 1363
26 74 1363
26 72 1363
26 71 1363
26 73 1363
23 74 1363
23 72 1363
23 71 1363
23 73 1363
25 52 739
25 53 739
25 51 739
25 54 739
24 52 739
24 53 739
24 51 739
24 54 739
26 52 739
26 53 739
26 51 739
26 54 739
23 52 739
23 53 739
23 51 739
23 54 739
25 81 972
25 80 972
25 82 972
25 79 972
24 81 972
24 80 972
24 82 972
24 79 972
26 81 972
26 80 972
26 82 972
26 79 972
23 81 972
23 80 972
23 82 972
23 79 972
25 84 137
25 85 137
25 83 137
25 86 137
24 84 137
24 85 137
24 83 137
24 86 137
26 84 137
26 85 137
26 83 137
26 86 137
23 84 137
23 85 137
23 83 137
23 86 137
25 69 637
25 67 637
25 70 637
25 68 637
24 69 637
24 67 637
24 70 637
24 68 637
26 69 637
26 67 637
26 70 637
26 68 637
23 69 637
23 67 637
23 70 637
23 68 637
25 77 170
25 75 170
25 76 170
25 78 170
24 77 170
24 75 170
24 76 170
24 78 170
26 77 170
26 75 170
26 76 170
26 78 170
23 77 170
23 75 170
23 76 170
23 78 170
25 33 175
25 32 175
25 34 175
25 31 175
24 33 175
24 32 175
24 34 175
24 31 175
26 33 175
26 32 175
26 34 175
26 31 175
23 33 175
23 32 175
23 34 175
23 31 175
25 99 166
25 102 166
25 101 166
25 100 166
24 99 166
24 102 166
24 101 166
24 100 166
26 99 166
26 102 166
26 101 166
26 100 166
23 99 166
23 102 166
23 101 166
23 100 166
25 27 992
25 28 992
25 30 992
25 29 992
24 27 992
24 28 992
24 30 992
24 29 992
26 27 992
26 28 992
26 30 992
26 29 992
23 27 992
23 28 992
23 30 992
23 29 992
25 57 172
25 56 172
25 58 172
25 55 172
24 57 172
24 56 172
24 58 172
24 55 172
26 57 172
26 56 172
26 58 172
26 55 172
23 57 172
23 56 172
23 58 172
23 55 172
25 92 89
25 93 89
25 94 89
25 91 89
24 92 89
24 93 89
24 94 89
24 91 89
26 92 89
26 93 89
26 94 89
26 91 89
23 92 89
23 93 89
23 94 89
23 91 89
25 104 33
25 103 33
25 106 33
25 105 33
24 104 33
24 103 33
24 106 33
24 105 33
26 104 33
26 103 33
26 106 33
26 105 33
23 104 33
23 103 33
23 106 33
23 105 33
25 109 75
25 108 75
25 110 75
25 107 75
24 109 75
24 108 75
24 110 75
24 107 75
26 109 75
26 108 75
26 110 75
26 107 75
23 109 75
23 108 75
23 110 75
23 107 75
25 87 186
25 90 186
25 88 186
25 89 186
24 87 186
24 90 186
24 88 186
24 89 186
26 87 186
26 90 186
26 88 186
26 89 186
23 87 186
23 90 186
23 88 186
23 89 186
25 98 117
25 95 117
25 97 117
25 96 117
24 98 117
24 95 117
24 97 117
24 96 117
26 98 117
26 95 117
26 97 117
26 96 117
23 98 117
23 95 117
23 97 117
23 96 117
25 63 7
25 64 7
25 66 7
25 65 7
24 63 7
24 64 7
24 66 7
24 65 7
26 63 7
26 64 7
26 66 7
26 65 7
23 63 7
23 64 7
23 66 7
23 65 7
27 27 989
27 28 989
27 30 989
27 29 989
28 27 989
28 28 989
28 30 989
28 29 989
30 27 989
30 28 989
30 30 989
30 29 989
29 27 989
29 28 989
29 30 989
29 29 989
27 25 992
27 24 992
27 26 992
27 23 992
28 25 992
28 24 992
28 26 992
28 23 992
30 25 992
30 24 992
30 26 992
30 23 992
29 25 992
29 24 992
29 26 992
29 23 992
27 50 1359
27 49 1359
27 48 1359
27 47 1359
28 50 1359
28 49 1359
28 48 1359
28 47 1359
30 50 1359
30 49 1359
30 48 1359
30 47 1359
29 50 1359
29 49 1359
29 48 1359
29 47 1359
27 74 1359
27 72 1359
27 71 1359
27 73 1359
28 74 1359
28 72 1359
28 71 1359
28 73 1359
30 74 1359
30 72 1359
30 71 1359
30 73 1359
29 74 1359
29 72 1359
29 71 1359
29 73 1359
27 38 1036
27 35 1036
27 36 1036
27 37 1036
28 38 1036
28 35 1036
28 36 1036
28 37 1036
30 38 1036
30 35 1036
30 36 1036
30 37 1036
29 38 1036
29 35 1036
29 36 1036
29 37 1036
27 42 271
27 39 271
27 40 271
27 41 271
28 42 271
28 39 271
28 40 271
28 41 271
30 42 271
30 39 271
30 40 271
30 41 271
29 42 271
29 39 271
29 40 271
29 41 271
27 81 968
27 80 968
27 82 968
27 79 968
28 81 968
28 80 968
28 82 968
28 79 968
30 81 968
30 80 968
30 82 968
30 79 968
29 81 968
29 80 968
29 82 968
29 79 968
27 46 150
27 45 150
27 43 150
27 44 150
28 46 150
28 45 150
28 43 150
28 44 150
30 46 150
30 45 150
30 43 150
30 44 150
29 46 150
29 45 150
29 43 150
29 44 150
27 77 169
27 75 169
27 76 169
27 78 169
28 77 169
28 75 169
28 76 169
28 78 169
30 77 169
30 75 169
30 76 169
30 78 169
29 77 169
29 75 169
29 76 169
29 78 169
27 84 136
27 85 136
27 83 136
27 86 136
28 84 136
28 85 136
28 83 136
28 86 136
30 84 136
30 85 136
30 83 136
30 86 136
29 84 136
29 85 136
29 83 136
29 86 136
27 59 119
27 60 119
27 61 119
27 62 119
28 59 119
28 60 119
28 61 119
28 62 119
30 59 119
30 60 119
30 61 119
30 62 119
29 59 119
29 60 119
29 61 119
29 62 119
27 52 737
27 53 737
27 51 737
27 54 737
28 52 737
28 53 737
28 51 737
28 54 737
30 52 737
30 53 737
30 51 737
30 54 737
29 52 737
29 53 737
29 51 737
29 54 737
27 69 635
27 67 635
27 70 635
27 68 635
28 69 635
28 67 635
28 70 635
28 68 635
30 69 635
30 67 635
30 70 635
30 68 635
29 69 635
29 67 635
29 70 635
29 68 635
27 99 166
27 102 166
27 101 166
27 100 166
28 99 166
28 102 166
28 101 166
28 100 166
30 99 166
30 102 166
30 101 166
30 100 166
29 99 166
29 102 166
29 101 166
29 100 166
27 92 89
27 93 89
27 94 89
27 91 89
28 92 89
28 93 89
28 94 89
28 91 89
30 92 89
30 93 89
30 94 89
30 91 89
29 92 89
29 93 89
29 94 89
29 91 89
27 33 174
27 32 174
27 34 174
27 31 174
28 33 174
28 32 174
28 34 174
28 31 174
30 33 174
30 32 174
30 34 174
30 31 174
29 33 174
29 32 174
29 34 174
29 31 174
27 57 171
27 56 171
27 58 171
27 55 171
28 57 171
28 56 171
28 58 171
28 55 171
30 57 171
30 56 171
30 58 171
30 55 171
29 57 171
29 56 171
29 58 171
29 55 171
27 104 33
27 103 33
27 106 33
27 105 33
28 104 33
28 103 33
28 106 33
28 105 33
30 104 33
30 103 33
30 106 33
30 105 33
29 104 33
29 103 33
29 106 33
29 105 33
27 109 75
27 108 75
27 110 75
27 107 75
28 109 75
28 108 75
28 110 75
28 107 75
30 109 75
30 108 75
30 110 75
30 107 75
29 109 75
29 108 75
29 110 75
29 107 75
27 87 185
27 90 185
27 88 185
27 89 185
28 87 185
28 90 185
28 88 185
28 89 185
30 87 185
30 90 185
30 88 185
30 89 185
29 87 185
29 90 185
29 88 185
29 89 185
27 98 117
27 95 117
27 97 117
27 96 117
28 98 117
28 95 117
28 97 117
28 96 117
30 98 117
30 95 117
30 97 117
30 96 117
29 98 117
29 95 117
29 97 117
29 96 117
27 63 7
27 64 7
27 66 7
27 65 7
28 63 7
28 64 7
28 66 7
28 65 7
30 63 7
30 64 7
30 66 7
30 65 7
29 63 7
29 64 7
29 66 7
29 65 7
33 33 30
33 32 30
33 34 30
33 31 30
32 33 30
32 32 30
32 34 30
32 31 30
34 33 30
34 32 30
34 34 30
34 31 30
31 33 30
31 32 30
31 34 30
31 31 30
33 52 130
33 53 130
33 51 130
33 54 130
32 52 130
32 53 130
32 51 130
32 54 130
34 52 130
34 53 130
34 51 130
34 54 130
31 52 130
31 53 130
31 51 130
31 54 130
33 25 175
33 24 175
33 26 175
33 23 175
32 25 175
32 24 175
32 26 175
32 23 175
34 25 175
34 24 175
34 26 175
34 23 175
31 25 175
31 24 175
31 26 175
31 23 175
33 81 171
33 80 171
33 82 171
33 79 171
32 81 171
32 80 171
32 82 171
32 79 171
34 81 171
34 80 171
34 82 171
34 79 171
31 81 171
31 80 171
31 82 171
31 79 171
33 38 183
33 35 183
33 36 183
33 37 183
32 38 183
32 35 183
32 36 183
32 37 183
34 38 183
34 35 183
34 36 183
34 37 183
31 38 183
31 35 183
31 36 183
31 37 183
33 42 48
33 39 48
33 40 48
33 41 48
32 42 48
32 39 48
32 40 48
32 41 48
34 42 48
34 39 48
34 40 48
34 41 48
31 42 48
31 39 48
31 40 48
31 41 48
33 46 26
33 45 26
33 43 26
33 44 26
32 46 26
32 45 26
32 43 26
32 44 26
34 46 26
34 45 26
34 43 26
34 44 26
31 46 26
31 45 26
31 43 26
31 44 26
33 74 240
33 72 240
33 71 240
33 73 240
32 74 240
32 72 240
32 71 240
32 73 240
34 74 240
34 72 240
34 71 240
34 73 240
31 74 240
31 72 240
31 71 240
31 73 240
33 59 21
33 60 21
33 61 21
33 62 21
32 59 21
32 60 21
32 61 21
32 62 21
34 59 21
34 60 21
34 61 21
34 62 21
31 59 21
31 60 21
31 61 21
31 62 21
33 50 240
33 49 240
33 48 240
33 47 240
32 50 240
32 49 240
32 48 240
32 47 240
34 50 240
34 49 240
34 48 240
34 47 240
31 50 240
31 49 240
31 48 240
31 47 240
33 84 24
33 85 24
33 83 24
33 86 24
32 84 24
32 85 24
32 83 24
32 86 24
34 84 24
34 85 24
34 83 24
34 86 24
31 84 24
31 85 24
31 83 24
31 86 24
33 77 29
33 75 29
33 76 29
33 78 29
32 77 29
32 75 29
32 76 29
32 78 29
34 77 29
34 75 29
34 76 29
34 78 29
31 77 29
31 75 29
31 76 29
31 78 29
33 69 112
33 67 112
33 70 112
33 68 112
32 69 112
32 67 112
32 70 112
32 68 112
34 69 112
34 67 112
34 70 112
34 68 112
31 69 112
31 67 112
31 70 112
31 68 112
33 99 29
33 102 29
33 101 29
33 100 29
32 99 29
32 102 29
32 101 29
32 100 29
34 99 29
34 102 29
34 101 29
34 100 29
31 99 29
31 102 29
31 101 29
31 100 29
33 27 174
33 28 174
33 30 174
33 29 174
32 27 174
32 28 174
32 30 174
32 29 174
34 27 174
34 28 174
34 30 174
34 29 174
31 27 174
31 28 174
31 30 174
31 29 174
33 57 30
33 56 30
33 58 30
33 55 30
32 57 30
32 56 30
32 58 30
32 55 30
34 57 30
34 56 30
34 58 30
34 55 30
31 57 30
31 56 30
31 58 30
31 55 30
33 92 15
33 93 15
33 94 15
33 91 15
32 92 15
32 93 15
32 94 15
32 91 15
34 92 15
34 93 15
34 94 15
34 91 15
31 92 15
31 93 15
31 94 15
31 91 15
33 104 5
33 103 5
33 106 5
33 105 5
32 104 5
32 103 5
32 106 5
32 105 5
34 104 5
34 103 5
34 106 5
34 105 5
31 104 5
31 103 5
31 106 5
31 105 5
33 109 13
33 108 13
33 110 13
33 107 13
32 109 13
32 108 13
32 110 13
32 107 13
34 109 13
34 108 13
34 110 13
34 107 13
31 109 13
31 108 13
31 110 13
31 107 13
33 87 32
33 90 32
33 88 32
33 89 32
32 87 32
32 90 32
32 88 32
32 89 32
34 87 32
34 90 32
34 88 32
34 89 32
31 87 32
31 90 32
31 88 32
31 89 32
33 98 20
33 95 20
33 97 20
33 96 20
32 98 20
32 95 20
32 97 20
32 96 20
34 98 20
34 95 20
34 97 20
34 96 20
31 98 20
31 95 20
31 97 20
31 96 20
33 63 1
33 64 1
33 66 1
33 65 1
32 63 1
32 64 1
32 66 1
32 65 1
34 63 1
34 64 1
34 66 1
34 65 1
31 63 1
31 64 1
31 66 1
31 65 1
38 38 1086
38 35 1086
38 36 1086
38 37 1086
35 38 1086
35 35 1086
35 36 1086
35 37 1086
36 38 1086
36 35 1086
36 36 1086
36 37 1086
37 38 1086
37 35 1086
37 36 1086
37 37 1086
38 25 1040
38 24 1040
38 26 1040
38 23 1040
35 25 1040
35 24 1040
35 26 1040
35 23 1040
36 25 1040
36 24 1040
36 26 1040
36 23 1040
37 25 1040
37 24 1040
37 26 1040
37 23 1040
38 59 125
38 60 125
38 61 125
38 62 125
35 59 125
35 60 125
35 61 125
35 62 125
36 59 125
36 60 125
36 61 125
36 62 125
37 59 125
37 60 125
37 61 125
37 62 125
38 52 772
38 53 772
38 51 772
38 54 772
35 52 772
35 53 772
35 51 772
35 54 772
36 52 772
36 53 772
36 51 772
36 54 772
37 52 772
37 53 772
37 51 772
37 54 772
38 50 1424
38 49 1424
38 48 1424
38 47 1424
35 50 1424
35 49 1424
35 48 1424
35 47 1424
36 50 1424
36 49 1424
36 48 1424
36 47 1424
37 50 1424
37 49 1424
37 48 1424
37 47 1424
38 74 1424
38 72 1424
38 71 1424
38 73 1424
35 74 1424
35 72 1424
35 71 1424
35 73 1424
36 74 1424
36 72 1424
36 71 1424
36 73 1424
37 74 1424
37 72 1424
37 71 1424
37 73 1424
38 81 1015
38 80 1015
38 82 1015
38 79 1015
35 81 1015
35 80 1015
35 82 1015
35 79 1015
36 81 1015
36 80 1015
36 82 1015
36 79 1015
37 81 1015
37 80 1015
37 82 1015
37 79 1015
38 42 284
38 39 284
38 40 284
38 41 284
35 42 284
35 39 284
35 40 284
35 41 284
36 42 284
36 39 284
36 40 284
36 41 284
37 42 284
37 39 284
37 40 284
37 41 284
38 46 157
38 45 157
38 43 157
38 44 157
35 46 157
35 45 157
35 43 157
35 44 157
36 46 157
36 45 157
36 43 157
36 44 157
37 46 157
37 45 157
37 43 157
37 44 157
38 84 143
38 85 143
38 83 143
38 86 143
35 84 143
35 85 143
35 83 143
35 86 143
36 84 143
36 85 143
36 83 143
36 86 143
37 84 143
37 85 143
37 83 143
37 86 143
38 77 177
38 75 177
38 76 177
38 78 177
35 77 177
35 75 177
35 76 177
35 78 177
36 77 177
36 75 177
36 76 177
36 78 177
37 77 177
37 75 177
37 76 177
37 78 177
38 99 174
38 102 174
38 101 174
38 100 174
35 99 174
35 102 174
35 101 174
35 100 174
36 99 174
36 102 174
36 101 174
36 100 174
37 99 174
37 102 174
37 101 174
37 100 174
38 69 665
38 67 665
38 70 665
38 68 665
35 69 665
35 67 665
35 70 665
35 68 665
36 69 665
36 67 665
36 70 665
36 68 665
37 69 665
37 67 665
37 70 665
37 68 665
38 57 180
38 56 180
38 58 180
38 55 180
35 57 180
35 56 180
35 58 180
35 55 180
36 57 180
36 56 180
36 58 180
36 55 180
37 57 180
37 56 180
37 58 180
37 55 180
38 33 183
38 32 183
38 34 183
38 31 183
35 33 183
35 32 183
35 34 183
35 31 183
36 33 183
36 32 183
36 34 183
36 31 183
37 33 183
37 32 183
37 34 183
37 31 183
38 92 93
38 93 93
38 94 93
38 91 93
35 92 93
35 93 93
35 94 93
35 91 93
36 92 93
36 93 93
36 94 93
36 91 93
37 92 93
37 93 93
37 94 93
37 91 93
38 27 1036
38 28 1036
38 30 1036
38 29 1036
35 27 1036
35 28 1036
35 30 1036
35 29 1036
36 27 1036
36 28 1036
36 30 1036
36 29 1036
37 27 1036
37 28 1036
37 30 1036
37 29 1036
38 104 34
38 103 34
38 106 34
38 105 34
35 104 34
35 103 34
35 106 34
35 105 34
36 104 34
36 103 34
36 106 34
36 105 34
37 104 34
37 103 34
37 106 34
37 105 34
38 109 78
38 108 78
38 110 78
38 107 78
35 109 78
35 108 78
35 110 78
35 107 78
36 109 78
36 108 78
36 110 78
36 107 78
37 109 78
37 108 78
37 110 78
37 107 78
38 87 194
38 90 194
38 88 194
38 89 194
35 87 194
35 90 194
35 88 194
35 89 194
36 87 194
36 90 194
36 88 194
36 89 194
37 87 194
37 90 194
37 88 194
37 89 194
38 98 122
38 95 122
38 97 122
38 96 122
35 98 122
35 95 122
35 97 122
35 96 122
36 98 122
36 95 122
36 97 122
36 96 122
37 98 122
37 95 122
37 97 122
37 96 122
38 63 8
38 64 8
38 66 8
38 65 8
35 63 8
35 64 8
35 66 8
35 65 8
36 63 8
36 64 8
36 66 8
36 65 8
37 63 8
37 64 8
37 66 8
37 65 8
42 42 74
42 39 74
42 40 74
42 41 74
39 42 74
39 39 74
39 40 74
39 41 74
40 42 74
40 39 74
40 40 74
40 41 74
41 42 74
41 39 74
41 40 74
41 41 74
42 25 272
42 24 272
42 26 272
42 23 272
39 25 272
39 24 272
39 26 272
39 23 272
40 25 272
40 24 272
40 26 272
40 23 272
41 25 272
41 24 272
41 26 272
41 23 272
42 50 373
42 49 373
42 48 373
42 47 373
39 50 373
39 49 373
39 48 373
39 47 373
40 50 373
40 49 373
40 48 373
40 47 373
41 50 373
41 49 373
41 48 373
41 47 373
42 74 373
42 72 373
42 71 373
42 73 373
39 74 373
39 72 373
39 71 373
39 73 373
40 74 373
40 72 373
40 71 373
40 73 373
41 74 373
41 72 373
41 71 373
41 73 373
42 38 284
42 35 284
42 36 284
42 37 284
39 38 284
39 35 284
39 36 284
39 37 284
40 38 284
40 35 284
40 36 284
40 37 284
41 38 284
41 35 284
41 36 284
41 37 284
42 81 266
42 80 266
42 82 266
42 79 266
39 81 266
39 80 266
39 82 266
39 79 266
40 81 266
40 80 266
40 82 266
40 79 266
41 81 266
41 80 266
41 82 266
41 79 266
42 46 41
42 45 41
42 43 41
42 44 41
39 46 41
39 45 41
39 43 41
39 44 41
40 46 41
40 45 41
40 43 41
40 44 41
41 46 41
41 45 41
41 43 41
41 44 41
42 77 46
42 75 46
42 76 46
42 78 46
39 77 46
39 75 46
39 76 46
39 78 46
40 77 46
40 75 46
40 76 46
40 78 46
41 77 46
41 75 46
41 76 46
41 78 46
42 84 37
42 85 37
42 83 37
42 86 37
39 84 37
39 85 37
39 83 37
39 86 37
40 84 37
40 85 37
40 83 37
40 86 37
41 84 37
41 85 37
41 83 37
41 86 37
42 59 32
42 60 32
42 61 32
42 62 32
39 59 32
39 60 32
39 61 32
39 62 32
40 59 32
40 60 32
40 61 32
40 62 32
41 59 32
41 60 32
41 61 32
41 62 32
42 52 202
42 53 202
42 51 202
42 54 202
39 52 202
39 53 202
39 51 202
39 54 202
40 52 202
40 53 202
40 51 202
40 54 202
41 52 202
41 53 202
41 51 202
41 54 202
42 69 174
42 67 174
42 70 174
42 68 174
39 69 174
39 67 174
39 70 174
39 68 174
40 69 174
40 67 174
40 70 174
40 68 174
41 69 174
41 67 174
41 70 174
41 68 174
42 99 45
42 102 45
42 101 45
42 100 45
39 99 45
39 102 45
39 101 45
39 100 45
40 99 45
40 102 45
40 101 45
40 100 45
41 99 45
41 102 45
41 101 45
41 100 45
42 57 47
42 56 47
42 58 47
42 55 47
39 57 47
39 56 47
39 58 47
39 55 47
40 57 47
40 56 47
40 58 47
40 55 47
41 57 47
41 56 47
41 58 47
41 55 47
42 92 24
42 93 24
42 94 24
42 91 24
39 92 24
39 93 24
39 94 24
39 91 24
40 92 24
40 93 24
40 94 24
40 91 24
41 92 24
41 93 24
41 94 24
41 91 24
42 33 48
42 32 48
42 34 48
42 31 48
39 33 48
39 32 48
39 34 48
39 31 48
40 33 48
40 32 48
40 34 48
40 31 48
41 33 48
41 32 48
41 34 48
41 31 48
42 27 271
42 28 271
42 30 271
42 29 271
39 27 271
39 28 271
39 30 271
39 29 271
40 27 271
40 28 271
40 30 271
40 29 271
41 27 271
41 28 271
41 30 271
41 29 271
42 104 9
42 103 9
42 106 9
42 105 9
39 104 9
39 103 9
39 106 9
39 105 9
40 104 9
40 103 9
40 106 9
40 105 9
41 104 9
41 103 9
41 106 9
41 105 9
42 109 20
42 108 20
42 110 20
42 107 20
39 109 20
39 108 20
39 110 20
39 107 20
40 109 20
40 108 20
40 110 20
40 107 20
41 109 20
41 108 20
41 110 20
41 107 20
42 87 50
42 90 50
42 88 50
42 89 50
39 87 50
39 90 50
39 88 50
39 89 50
40 87 50
40 90 50
40 88 50
40 89 50
41 87 50
41 90 50
41 88 50
41 89 50
42 98 32
42 95 32
42 97 32
42 96 32
39 98 32
39 95 32
39 97 32
39 96 32
40 98 32
40 95 32
40 97 32
40 96 32
41 98 32
41 95 32
41 97 32
41 96 32
42 63 2
42 64 2
42 66 2
42 65 2
39 63 2
39 64 2
39 66 2
39 65 2
40 63 2
40 64 2
40 66 2
40 65 2
41 63 2
41 64 2
41 66 2
41 65 2
46 46 22
46 45 22
46 43 22
46 44 22
45 46 22
45 45 22
45 43 22
45 44 22
43 46 22
43 45 22
43 43 22
43 44 22
44 46 22
44 45 22
44 43 22
44 44 22
46 25 150
46 24 150
46 26 150
46 23 150
45 25 150
45 24 150
45 26 150
45 23 150
43 25 150
43 24 150
43 26 150
43 23 150
44 25 150
44 24 150
44 26 150
44 23 150
46 50 206
46 49 206
46 48 206
46 47 206
45 50 206
45 49 206
45 48 206
45 47 206
43 50 206
43 49 206
43 48 206
43 47 206
44 50 206
44 49 206
44 48 206
44 47 206
46 74 206
46 72 206
46 71 206
46 73 206
45 74 206
45 72 206
45 71 206
45 73 206
43 74 206
43 72 206
43 71 206
43 73 206
44 74 206
44 72 206
44 71 206
44 73 206
46 69 96
46 67 96
46 70 96
46 68 96
45 69 96
45 67 96
45 70 96
45 68 96
43 69 96
43 67 96
43 70 96
43 68 96
44 69 96
44 67 96
44 70 96
44 68 96
46 42 41
46 39 41
46 40 41
46 41 41
45 42 41
45 39 41
45 40 41
45 41 41
43 42 41
43 39 41
43 40 41
43 41 41
44 42 41
44 39 41
44 40 41
44 41 41
46 38 157
46 35 157
46 36 157
46 37 157
45 38 157
45 35 157
45 36 157
45 37 157
43 38 157
43 35 157
43 36 157
43 37 157
44 38 157
44 35 157
44 36 157
44 37 157
46 81 147
46 80 147
46 82 147
46 79 147
45 81 147
45 80 147
45 82 147
45 79 147
43 81 147
43 80 147
43 82 147
43 79 147
44 81 147
44 80 147
44 82 147
44 79 147
46 77 25
46 75 25
46 76 25
46 78 25
45 77 25
45 75 25
45 76 25
45 78 25
43 77 25
43 75 25
43 76 25
43 78 25
44 77 25
44 75 25
44 76 25
44 78 25
46 84 20
46 85 20
46 83 20
46 86 20
45 84 20
45 85 20
45 83 20
45 86 20
43 84 20
43 85 20
43 83 20
43 86 20
44 84 20
44 85 20
44 83 20
44 86 20
46 59 18
46 60 18
46 61 18
46 62 18
45 59 18
45 60 18
45 61 18
45 62 18
43 59 18
43 60 18
43 61 18
43 62 18
44 59 18
44 60 18
44 61 18
44 62 18
46 52 111
46 53 111
46 51 111
46 54 111
45 52 111
45 53 111
45 51 111
45 54 111
43 52 111
43 53 111
43 51 111
43 54 111
44 52 111
44 53 111
44 51 111
44 54 111
46 99 25
46 102 25
46 101 25
46 100 25
45 99 25
45 102 25
45 101 25
45 100 25
43 99 25
43 102 25
43 101 25
43 100 25
44 99 25
44 102 25
44 101 25
44 100 25
46 92 13
46 93 13
46 94 13
46 91 13
45 92 13
45 93 13
45 94 13
45 91 13
43 92 13
43 93 13
43 94 13
43 91 13
44 92 13
44 93 13
44 94 13
44 91 13
46 33 26
46 32 26
46 34 26
46 31 26
45 33 26
45 32 26
45 34 26
45 31 26
43 33 26
43 32 26
43 34 26
43 31 26
44 33 26
44 32 26
44 34 26
44 31 26
46 27 150
46 28 150
46 30 150
46 29 150
45 27 150
45 28 150
45 30 150
45 29 150
43 27 150
43 28 150
43 30 150
43 29 150
44 27 150
44 28 150
44 30 150
44 29 150
46 57 26
46 56 26
46 58 26
46 55 26
45 57 26
45 56 26
45 58 26
45 55 26
43 57 26
43 56 26
43 58 26
43 55 26
44 57 26
44 56 26
44 58 26
44 55 26
46 104 5
46 103 5
46 106 5
46 105 5
45 104 5
45 103 5
45 106 5
45 105 5
43 104 5
43 103 5
43 106 5
43 105 5
44 104 5
44 103 5
44 106 5
44 105 5
46 109 11
46 108 11
46 110 11
46 107 11
45 109 11
45 108 11
45 110 11
45 107 11
43 109 11
43 108 11
43 110 11
43 107 11
44 109 11
44 108 11
44 110 11
44 107 11
46 87 28
46 90 28
46 88 28
46 89 28
45 87 28
45 90 28
45 88 28
45 89 28
43 87 28
43 90 28
43 88 28
43 89 28
44 87 28
44 90 28
44 88 28
44 89 28
46 98 17
46 95 17
46 97 17
46 96 17
45 98 17
45 95 17
45 97 17
45 96 17
43 98 17
43 95 17
43 97 17
43 96 17
44 98 17
44 95 17
44 97 17
44 96 17
46 63 1
46 64 1
46 66 1
46 65 1
45 63 1
45 64 1
45 66 1
45 65 1
43 63 1
43 64 1
43 66 1
43 65 1
44 63 1
44 64 1
44 66 1
44 65 1
50 50 1867
50 49 1867
50 48 1867
50 47 1867
49 50 1867
49 49 1867
49 48 1867
49 47 1867
48 50 1867
48 49 1867
48 48 1867
48 47 1867
47 50 1867
47 49 1867
47 48 1867
47 47 1867
50 74 1867
50 72 1867
50 71 1867
50 73 1867
49 74 1867
49 72 1867
49 71 1867
49 73 1867
48 74 1867
48 72 1867
48 71 1867
48 73 1867
47 74 1867
47 72 1867
47 71 1867
47 73 1867
50 42 373
50 39 373
50 40 373
50 41 373
49 42 373
49 39 373
49 40 373
49 41 373
48 42 373
48 39 373
48 40 373
48 41 373
47 42 373
47 39 373
47 40 373
47 41 373
50 81 1330
50 80 1330
50 82 1330
50 79 1330
49 81 1330
49 80 1330
49 82 1330
49 79 1330
48 81 1330
48 80 1330
48 82 1330
48 79 1330
47 81 1330
47 80 1330
47 82 1330
47 79 1330
50 46 206
50 45 206
50 43 206
50 44 206
49 46 206
49 45 206
49 43 206
49 44 206
48 46 206
48 45 206
48 43 206
48 44 206
47 46 206
47 45 206
47 43 206
47 44 206
50 38 1424
50 35 1424
50 36 1424
50 37 1424
49 38 1424
49 35 1424
49 36 1424
49 37 1424
48 38 1424
48 35 1424
48 36 1424
48 37 1424
47 38 1424
47 35 1424
47 36 1424
47 37 1424
50 77 232
50 75 232
50 76 232
50 78 232
49 77 232
49 75 232
49 76 232
49 78 232
48 77 232
48 75 232
48 76 232
48 78 232
47 77 232
47 75 232
47 76 232
47 78 232
50 84 187
50 85 187
50 83 187
50 86 187
49 84 187
49 85 187
49 83 187
49 86 187
48 84 187
48 85 187
48 83 187
48 86 187
47 84 187
47 85 187
47 83 187
47 86 187
50 25 1363
50 24 1363
50 26 1363
50 23 1363
49 25 1363
49 24 1363
49 26 1363
49 23 1363
48 25 1363
48 24 1363
48 26 1363
48 23 1363
47 25 1363
47 24 1363
47 26 1363
47 23 1363
50 52 1012
50 53 1012
50 51 1012
50 54 1012
49 52 1012
49 53 1012
49 51 1012
49 54 1012
48 52 1012
48 53 1012
48 51 1012
48 54 1012
47 52 1012
47 53 1012
47 51 1012
47 54 1012
50 59 164
50 60 164
50 61 164
50 62 164
49 59 164
49 60 164
49 61 164
49 62 164
48 59 164
48 60 164
48 61 164
48 62 164
47 59 164
47 60 164
47 61 164
47 62 164
50 99 228
50 102 228
50 101 228
50 100 228
49 99 228
49 102 228
49 101 228
49 100 228
48 99 228
48 102 228
48 101 228
48 100 228
47 99 228
47 102 228
47 101 228
47 100 228
50 69 872
50 67 872
50 70 872
50 68 872
49 69 872
49 67 872
49 70 872
49 68 872
48 69 872
48 67 872
48 70 872
48 68 872
47 69 872
47 67 872
47 70 872
47 68 872
50 92 122
50 93 122
50 94 122
50 91 122
49 92 122
49 93 122
49 94 122
49 91 122
48 92 122
48 93 122
48 94 122
48 91 122
47 92 122
47 93 122
47 94 122
47 91 122
50 27 1359
50 28 1359
50 30 1359
50 29 1359
49 27 1359
49 28 1359
49 30 1359
49 29 1359
48 27 1359
48 28 1359
48 30 1359
48 29 1359
47 27 1359
47 28 1359
47 30 1359
47 29 1359
50 57 236
50 56 236
50 58 236
50 55 236
49 57 236
49 56 236
49 58 236
49 55 236
48 57 236
48 56 236
48 58 236
48 55 236
47 57 236
47 56 236
47 58 236
47 55 236
50 33 240
50 32 240
50 34 240
50 31 240
49 33 240
49 32 240
49 34 240
49 31 240
48 33 240
48 32 240
48 34 240
48 31 240
47 33 240
47 32 240
47 34 240
47 31 240
50 104 45
50 103 45
50 106 45
50 105 45
49 104 45
49 103 45
49 106 45
49 105 45
48 104 45
48 103 45
48 106 45
48 105 45
47 104 45
47 103 45
47 106 45
47 105 45
50 109 103
50 108 103
50 110 103
50 107 103
49 109 103
49 108 103
49 110 103
49 107 103
48 109 103
48 108 103
48 110 103
48 107 103
47 109 103
47 108 103
47 110 103
47 107 103
50 87 254
50 90 254
50 88 254
50 89 254
49 87 254
49 90 254
49 88 254
49 89 254
48 87 254
48 90 254
48 88 254
48 89 254
47 87 254
47 90 254
47 88 254
47 89 254
50 98 160
50 95 160
50 97 160
50 96 160
49 98 160
49 95 160
49 97 160
49 96 160
48 98 160
48 95 160
48 97 160
48 96 160
47 98 160
47 95 160
47 97 160
47 96 160
50 63 10
50 64 10
50 66 10
50 65 10
49 63 10
49 64 10
49 66 10
49 65 10
48 63 10
48 64 10
48 66 10
48 65 10
47 63 10
47 64 10
47 66 10
47 65 10
52 52 549
52 53 549
52 51 549
52 54 549
53 52 549
53 53 549
53 51 549
53 54 549
51 52 549
51 53 549
51 51 549
51 54 549
54 52 549
54 53 549
54 51 549
54 54 549
52 81 721
52 80 721
52 82 721
52 79 721
53 81 721
53 80 721
53 82 721
53 79 721
51 81 721
51 80 721
51 82 721
51 79 721
54 81 721
54 80 721
54 82 721
54 79 721
52 38 772
52 35 772
52 36 772
52 37 772
53 38 772
53 35 772
53 36 772
53 37 772
51 38 772
51 35 772
51 36 772
51 37 772
54 38 772
54 35 772
54 36 772
54 37 772
52 74 1012
52 72 1012
52 71 1012
52 73 1012
53 74 1012
53 72 1012
53 71 1012
53 73 1012
51 74 1012
51 72 1012
51 71 1012
51 73 1012
54 74 1012
54 72 1012
54 71 1012
54 73 1012
52 59 89
52 60 89
52 61 89
52 62 89
53 59 89
53 60 89
53 61 89
53 62 89
51 59 89
51 60 89
51 61 89
51 62 89
54 59 89
54 60 89
54 61 89
54 62 89
52 50 1012
52 49 1012
52 48 1012
52 47 1012
53 50 1012
53 49 1012
53 48 1012
53 47 1012
51 50 1012
51 49 1012
51 48 1012
51 47 1012
54 50 1012
54 49 1012
54 48 1012
54 47 1012
52 25 739
52 24 739
52 26 739
52 23 739
53 25 739
53 24 739
53 26 739
53 23 739
51 25 739
51 24 739
51 26 739
51 23 739
54 25 739
54 24 739
54 26 739
54 23 739
52 42 202
52 39 202
52 40 202
52 41 202
53 42 202
53 39 202
53 40 202
53 41 202
51 42 202
51 39 202
51 40 202
51 41 202
54 42 202
54 39 202
54 40 202
54 41 202
52 84 101
52 85 101
52 83 101
52 86 101
53 84 101
53 85 101
53 83 101
53 86 101
51 84 101
51 85 101
51 83 101
51 86 101
54 84 101
54 85 101
54 83 101
54 86 101
52 77 126
52 75 126
52 76 126
52 78 126
53 77 126
53 75 126
53 76 126
53 78 126
51 77 126
51 75 126
51 76 126
51 78 126
54 77 126
54 75 126
54 76 126
54 78 126
52 46 111
52 45 111
52 43 111
52 44 111
53 46 111
53 45 111
53 43 111
53 44 111
51 46 111
51 45 111
51 43 111
51 44 111
54 46 111
54 45 111
54 43 111
54 44 111
52 33 130
52 32 130
52 34 130
52 31 130
53 33 130
53 32 130
53 34 130
53 31 130
51 33 130
51 32 130
51 34 130
51 31 130
54 33 130
54 32 130
54 34 130
54 31 130
52 99 123
52 102 123
52 101 123
52 100 123
53 99 123
53 102 123
53 101 123
53 100 123
51 99 123
51 102 123
51 101 123
51 100 123
54 99 123
54 102 123
54 101 123
54 100 123
52 69 473
52 67 473
52 70 473
52 68 473
53 69 473
53 67 473
53 70 473
53 68 473
51 69 473
51 67 473
51 70 473
51 68 473
54 69 473
54 67 473
54 70 473
54 68 473
52 57 127
52 56 127
52 58 127
52 55 127
53 57 127
53 56 127
53 58 127
53 55 127
51 57 127
51 56 127
51 58 127
51 55 127
54 57 127
54 56 127
54 58 127
54 55 127
52 92 66
52 93 66
52 94 66
52 91 66
53 92 66
53 93 66
53 94 66
53 91 66
51 92 66
51 93 66
51 94 66
51 91 66
54 92 66
54 93 66
54 94 66
54 91 66
52 27 737
52 28 737
52 30 737
52 29 737
53 27 737
53 28 737
53 30 737
53 29 737
51 27 737
51 28 737
51 30 737
51 29 737
54 27 737
54 28 737
54 30 737
54 29 737
52 104 24
52 103 24
52 106 24
52 105 24
53 104 24
53 103 24
53 106 24
53 105 24
51 104 24
51 103 24
51 106 24
51 105 24
54 104 24
54 103 24
54 106 24
54 105 24
52 109 55
52 108 55
52 110 55
52 107 55
53 109 55
53 108 55
53 110 55
53 107 55
51 109 55
51 108 55
51 110 55
51 107 55
54 109 55
54 108 55
54 110 55
54 107 55
52 87 138
52 90 138
52 88 138
52 89 138
53 87 138
53 90 138
53 88 138
53 89 138
51 87 138
51 90 138
51 88 138
51 89 138
54 87 138
54 90 138
54 88 138
54 89 138
52 98 87
52 95 87
52 97 87
52 96 87
53 98 87
53 95 87
53 97 87
53 96 87
51 98 87
51 95 87
51 97 87
51 96 87
54 98 87
54 95 87
54 97 87
54 96 87
52 63 5
52 64 5
52 66 5
52 65 5
53 63 5
53 64 5
53 66 5
53 65 5
51 63 5
51 64 5
51 66 5
51 65 5
54 63 5
54 64 5
54 66 5
54 65 5
57 57 29
57 56 29
57 58 29
57 55 29
56 57 29
56 56 29
56 58 29
56 55 29
58 57 29
58 56 29
58 58 29
58 55 29
55 57 29
55 56 29
55 58 29
55 55 29
57 42 47
57 39 47
57 40 47
57 41 47
56 42 47
56 39 47
56 40 47
56 41 47
58 42 47
58 39 47
58 40 47
58 41 47
55 42 47
55 39 47
55 40 47
55 41 47
57 38 180
57 35 180
57 36 180
57 37 180
56 38 180
56 35 180
56 36 180
56 37 180
58 38 180
58 35 180
58 36 180
58 37 180
55 38 180
55 35 180
55 36 180
55 37 180
57 25 172
57 24 172
57 26 172
57 23 172
56 25 172
56 24 172
56 26 172
56 23 172
58 25 172
58 24 172
58 26 172
58 23 172
55 25 172
55 24 172
55 26 172
55 23 172
57 50 236
57 49 236
57 48 236
57 47 236
56 50 236
56 49 236
56 48 236
56 47 236
58 50 236
58 49 236
58 48 236
58 47 236
55 50 236
55 49 236
55 48 236
55 47 236
57 74 236
57 72 236
57 71 236
57 73 236
56 74 236
56 72 236
56 71 236
56 73 236
58 74 236
58 72 236
58 71 236
58 73 236
55 74 236
55 72 236
55 71 236
55 73 236
57 59 20
57 60 20
57 61 20
57 62 20
56 59 20
56 60 20
56 61 20
56 62 20
58 59 20
58 60 20
58 61 20
58 62 20
55 59 20
55 60 20
55 61 20
55 62 20
57 52 127
57 53 127
57 51 127
57 54 127
56 52 127
56 53 127
56 51 127
56 54 127
58 52 127
58 53 127
58 51 127
58 54 127
55 52 127
55 53 127
55 51 127
55 54 127
57 81 168
57 80 168
57 82 168
57 79 168
56 81 168
56 80 168
56 82 168
56 79 168
58 81 168
58 80 168
58 82 168
58 79 168
55 81 168
55 80 168
55 82 168
55 79 168
57 46 26
57 45 26
57 43 26
57 44 26
56 46 26
56 45 26
56 43 26
56 44 26
58 46 26
58 45 26
58 43 26
58 44 26
55 46 26
55 45 26
55 43 26
55 44 26
57 77 29
57 75 29
57 76 29
57 78 29
56 77 29
56 75 29
56 76 29
56 78 29
58 77 29
58 75 29
58 76 29
58 78 29
55 77 29
55 75 29
55 76 29
55 78 29
57 84 23
57 85 23
57 83 23
57 86 23
56 84 23
56 85 23
56 83 23
56 86 23
58 84 23
58 85 23
58 83 23
58 86 23
55 84 23
55 85 23
55 83 23
55 86 23
57 69 110
57 67 110
57 70 110
57 68 110
56 69 110
56 67 110
56 70 110
56 68 110
58 69 110
58 67 110
58 70 110
58 68 110
55 69 110
55 67 110
55 70 110
55 68 110
57 99 28
57 102 28
57 101 28
57 100 28
56 99 28
56 102 28
56 101 28
56 100 28
58 99 28
58 102 28
58 101 28
58 100 28
55 99 28
55 102 28
55 101 28
55 100 28
57 92 15
57 93 15
57 94 15
57 91 15
56 92 15
56 93 15
56 94 15
56 91 15
58 92 15
58 93 15
58 94 15
58 91 15
55 92 15
55 93 15
55 94 15
55 91 15
57 33 30
57 32 30
57 34 30
57 31 30
56 33 30
56 32 30
56 34 30
56 31 30
58 33 30
58 32 30
58 34 30
58 31 30
55 33 30
55 32 30
55 34 30
55 31 30
57 27 171
57 28 171
57 30 171
57 29 171
56 27 171
56 28 171
56 30 171
56 29 171
58 27 171
58 28 171
58 30 171
58 29 171
55 27 171
55 28 171
55 30 171
55 29 171
57 104 5
57 103 5
57 106 5
57 105 5
56 104 5
56 103 5
56 106 5
56 105 5
58 104 5
58 103 5
58 106 5
58 105 5
55 104 5
55 103 5
55 106 5
55 105 5
57 109 13
57 108 13
57 110 13
57 107 13
56 109 13
56 108 13
56 110 13
56 107 13
58 109 13
58 108 13
58 110 13
58 107 13
55 109 13
55 108 13
55 110 13
55 107 13
57 87 32
57 90 32
57 88 32
57 89 32
56 87 32
56 90 32
56 88 32
56 89 32
58 87 32
58 90 32
58 88 32
58 89 32
55 87 32
55 90 32
55 88 32
55 89 32
57 63 1
57 64 1
57 66 1
57 65 1
56 63 1
56 64 1
56 66 1
56 65 1
58 63 1
58 64 1
58 66 1
58 65 1
55 63 1
55 64 1
55 66 1
55 65 1
57 98 20
57 95 20
57 97 20
57 96 20
56 98 20
56 95 20
56 97 20
56 96 20
58 98 20
58 95 20
58 97 20
58 96 20
55 98 20
55 95 20
55 97 20
55 96 20
59 59 14
59 60 14
59 61 14
59 62 14
60 59 14
60 60 14
60 61 14
60 62 14
61 59 14
61 60 14
61 61 14
61 62 14
62 59 14
62 60 14
62 61 14
62 62 14
59 38 125
59 35 125
59 36 125
59 37 125
60 38 125
60 35 125
60 36 125
60 37 125
61 38 125
61 35 125
61 36 125
61 37 125
62 38 125
62 35 125
62 36 125
62 37 125
59 81 117
59 80 117
59 82 117
59 79 117
60 81 117
60 80 117
60 82 117
60 79 117
61 81 117
61 80 117
61 82 117
61 79 117
62 81 117
62 80 117
62 82 117
62 79 117
59 84 16
59 85 16
59 83 16
59 86 16
60 84 16
60 85 16
60 83 16
60 86 16
61 84 16
61 85 16
61 83 16
61 86 16
62 84 16
62 85 16
62 83 16
62 86 16
59 25 119
59 24 119
59 26 119
59 23 119
60 25 119
60 24 119
60 26 119
60 23 119
61 25 119
61 24 119
61 26 119
61 23 119
62 25 119
62 24 119
62 26 119
62 23 119
59 74 164
59 72 164
59 71 164
59 73 164
60 74 164
60 72 164
60 71 164
60 73 164
61 74 164
61 72 164
61 71 164
61 73 164
62 74 164
62 72 164
62 71 164
62 73 164
59 52 89
59 53 89
59 51 89
59 54 89
60 52 89
60 53 89
60 51 89
60 54 89
61 52 89
61 53 89
61 51 89
61 54 89
62 52 89
62 53 89
62 51 89
62 54 89
59 50 164
59 49 164
59 48 164
59 47 164
60 50 164
60 49 164
60 48 164
60 47 164
61 50 164
61 49 164
61 48 164
61 47 164
62 50 164
62 49 164
62 48 164
62 47 164
59 42 32
59 39 32
59 40 32
59 41 32
60 42 32
60 39 32
60 40 32
60 41 32
61 42 32
61 39 32
61 40 32
61 41 32
62 42 32
62 39 32
62 40 32
62 41 32
59 46 18
59 45 18
59 43 18
59 44 18
60 46 18
60 45 18
60 43 18
60 44 18
61 46 18
61 45 18
61 43 18
61 44 18
62 46 18
62 45 18
62 43 18
62 44 18
59 99 20
59 102 20
59 101 20
59 100 20
60 99 20
60 102 20
60 101 20
60 100 20
61 99 20
61 102 20
61 101 20
61 100 20
62 99 20
62 102 20
62 101 20
62 100 20
59 77 20
59 75 20
59 76 20
59 78 20
60 77 20
60 75 20
60 76 20
60 78 20
61 77 20
61 75 20
61 76 20
61 78 20
62 77 20
62 75 20
62 76 20
62 78 20
59 69 76
59 67 76
59 70 76
59 68 76
60 69 76
60 67 76
60 70 76
60 68 76
61 69 76
61 67 76
61 70 76
61 68 76
62 69 76
62 67 76
62 70 76
62 68 76
59 92 10
59 93 10
59 94 10
59 91 10
60 92 10
60 93 10
60 94 10
60 91 10
61 92 10
61 93 10
61 94 10
61 91 10
62 92 10
62 93 10
62 94 10
62 91 10
59 57 20
59 56 20
59 58 20
59 55 20
60 57 20
60 56 20
60 58 20
60 55 20
61 57 20
61 56 20
61 58 20
61 55 20
62 57 20
62 56 20
62 58 20
62 55 20
59 33 21
59 32 21
59 34 21
59 31 21
60 33 21
60 32 21
60 34 21
60 31 21
61 33 21
61 32 21
61 34 21
61 31 21
62 33 21
62 32 21
62 34 21
62 31 21
59 104 4
59 103 4
59 106 4
59 105 4
60 104 4
60 103 4
60 106 4
60 105 4
61 104 4
61 103 4
61 106 4
61 105 4
62 104 4
62 103 4
62 106 4
62 105 4
59 27 119
59 28 119
59 30 119
59 29 119
60 27 119
60 28 119
60 30 119
60 29 119
61 27 119
61 28 119
61 30 119
61 29 119
62 27 119
62 28 119
62 30 119
62 29 119
59 109 9
59 108 9
59 110 9
59 107 9
60 109 9
60 108 9
60 110 9
60 107 9
61 109 9
61 108 9
61 110 9
61 107 9
62 109 9
62 108 9
62 110 9
62 107 9
59 87 22
59 90 22
59 88 22
59 89 22
60 87 22
60 90 22
60 88 22
60 89 22
61 87 22
61 90 22
61 88 22
61 89 22
62 87 22
62 90 22
62 88 22
62 89 22
59 98 14
59 95 14
59 97 14
59 96 14
60 98 14
60 95 14
60 97 14
60 96 14
61 98 14
61 95 14
61 97 14
61 96 14
62 98 14
62 95 14
62 97 14
62 96 14
59 63 0
59 64 0
59 66 0
59 65 0
60 63 0
60 64 0
60 66 0
60 65 0
61 63 0
61 64 0
61 66 0
61 65 0
62 63 0
62 64 0
62 66 0
62 65 0
63 63 0
63 64 0
63 66 0
63 65 0
64 63 0
64 64 0
64 66 0
64 65 0
66 63 0
66 64 0
66 66 0
66 65 0
65 63 0
65 64 0
65 66 0
65 65 0
63 57 1
63 56 1
63 58 1
63 55 1
64 57 1
64 56 1
64 58 1
64 55 1
66 57 1
66 56 1
66 58 1
66 55 1
65 57 1
65 56 1
65 58 1
65 55 1
63 38 8
63 35 8
63 36 8
63 37 8
64 38 8
64 35 8
64 36 8
64 37 8
66 38 8
66 35 8
66 36 8
66 37 8
65 38 8
65 35 8
65 36 8
65 37 8
63 42 2
63 39 2
63 40 2
63 41 2
64 42 2
64 39 2
64 40 2
64 41 2
66 42 2
66 39 2
66 40 2
66 41 2
65 42 2
65 39 2
65 40 2
65 41 2
63 59 0
63 60 0
63 61 0
63 62 0
64 59 0
64 60 0
64 61 0
64 62 0
66 59 0
66 60 0
66 61 0
66 62 0
65 59 0
65 60 0
65 61 0
65 62 0
63 25 7
63 24 7
63 26 7
63 23 7
64 25 7
64 24 7
64 26 7
64 23 7
66 25 7
66 24 7
66 26 7
66 23 7
65 25 7
65 24 7
65 26 7
65 23 7
63 52 5
63 53 5
63 51 5
63 54 5
64 52 5
64 53 5
64 51 5
64 54 5
66 52 5
66 53 5
66 51 5
66 54 5
65 52 5
65 53 5
65 51 5
65 54 5
63 50 10
63 49 10
63 48 10
63 47 10
64 50 10
64 49 10
64 48 10
64 47 10
66 50 10
66 49 10
66 48 10
66 47 10
65 50 10
65 49 10
65 48 10
65 47 10
63 74 10
63 72 10
63 71 10
63 73 10
64 74 10
64 72 10
64 71 10
64 73 10
66 74 10
66 72 10
66 71 10
66 73 10
65 74 10
65 72 10
65 71 10
65 73 10
63 81 7
63 80 7
63 82 7
63 79 7
64 81 7
64 80 7
64 82 7
64 79 7
66 81 7
66 80 7
66 82 7
66 79 7
65 81 7
65 80 7
65 82 7
65 79 7
63 46 1
63 45 1
63 43 1
63 44 1
64 46 1
64 45 1
64 43 1
64 44 1
66 46 1
66 45 1
66 43 1
66 44 1
65 46 1
65 45 1
65 43 1
65 44 1
63 84 1
63 85 1
63 83 1
63 86 1
64 84 1
64 85 1
64 83 1
64 86 1
66 84 1
66 85 1
66 83 1
66 86 1
65 84 1
65 85 1
65 83 1
65 86 1
63 77 1
63 75 1
63 76 1
63 78 1
64 77 1
64 75 1
64 76 1
64 78 1
66 77 1
66 75 1
66 76 1
66 78 1
65 77 1
65 75 1
65 76 1
65 78 1
63 99 1
63 102 1
63 101 1
63 100 1
64 99 1
64 102 1
64 101 1
64 100 1
66 99 1
66 102 1
66 101 1
66 100 1
65 99 1
65 102 1
65 101 1
65 100 1
63 69 4
63 67 4
63 70 4
63 68 4
64 69 4
64 67 4
64 70 4
64 68 4
66 69 4
66 67 4
66 70 4
66 68 4
65 69 4
65 67 4
65 70 4
65 68 4
63 33 1
63 32 1
63 34 1
63 31 1
64 33 1
64 32 1
64 34 1
64 31 1
66 33 1
66 32 1
66 34 1
66 31 1
65 33 1
65 32 1
65 34 1
65 31 1
63 92 0
63 93 0
63 94 0
63 91 0
64 92 0
64 93 0
64 94 0
64 91 0
66 92 0
66 93 0
66 94 0
66 91 0
65 92 0
65 93 0
65 94 0
65 91 0
63 27 7
63 28 7
63 30 7
63 29 7
64 27 7
64 28 7
64 30 7
64 29 7
66 27 7
66 28 7
66 30 7
66 29 7
65 27 7
65 28 7
65 30 7
65 29 7
63 104 0
63 103 0
63 106 0
63 105 0
64 104 0
64 103 0
64 106 0
64 105 0
66 104 0
66 103 0
66 106 0
66 105 0
65 104 0
65 103 0
65 106 0
65 105 0
63 109 0
63 108 0
63 110 0
63 107 0
64 109 0
64 108 0
64 110 0
64 107 0
66 109 0
66 108 0
66 110 0
66 107 0
65 109 0
65 108 0
65 110 0
65 107 0
63 87 1
63 90 1
63 88 1
63 89 1
64 87 1
64 90 1
64 88 1
64 89 1
66 87 1
66 90 1
66 88 1
66 89 1
65 87 1
65 90 1
65 88 1
65 89 1
63 98 0
63 95 0
63 97 0
63 96 0
64 98 0
64 95 0
64 97 0
64 96 0
66 98 0
66 95 0
66 97 0
66 96 0
65 98 0
65 95 0
65 97 0
65 96 0
69 69 408
69 67 408
69 70 408
69 68 408
67 69 408
67 67 408
67 70 408
67 68 408
70 69 408
70 67 408
70 70 408
70 68 408
68 69 408
68 67 408
68 70 408
68 68 408
69 46 96
69 45 96
69 43 96
69 44 96
67 46 96
67 45 96
67 43 96
67 44 96
70 46 96
70 45 96
70 43 96
70 44 96
68 46 96
68 45 96
68 43 96
68 44 96
69 25 637
69 24 637
69 26 637
69 23 637
67 25 637
67 24 637
67 26 637
67 23 637
70 25 637
70 24 637
70 26 637
70 23 637
68 25 637
68 24 637
68 26 637
68 23 637
69 50 872
69 49 872
69 48 872
69 47 872
67 50 872
67 49 872
67 48 872
67 47 872
70 50 872
70 49 872
70 48 872
70 47 872
68 50 872
68 49 872
68 48 872
68 47 872
69 74 872
69 72 872
69 71 872
69 73 872
67 74 872
67 72 872
67 71 872
67 73 872
70 74 872
70 72 872
70 71 872
70 73 872
68 74 872
68 72 872
68 71 872
68 73 872
69 42 174
69 39 174
69 40 174
69 41 174
67 42 174
67 39 174
67 40 174
67 41 174
70 42 174
70 39 174
70 40 174
70 41 174
68 42 174
68 39 174
68 40 174
68 41 174
69 38 665
69 35 665
69 36 665
69 37 665
67 38 665
67 35 665
67 36 665
67 37 665
70 38 665
70 35 665
70 36 665
70 37 665
68 38 665
68 35 665
68 36 665
68 37 665
69 81 622
69 80 622
69 82 622
69 79 622
67 81 622
67 80 622
67 82 622
67 79 622
70 81 622
70 80 622
70 82 622
70 79 622
68 81 622
68 80 622
68 82 622
68 79 622
69 77 108
69 75 108
69 76 108
69 78 108
67 77 108
67 75 108
67 76 108
67 78 108
70 77 108
70 75 108
70 76 108
70 78 108
68 77 108
68 75 108
68 76 108
68 78 108
69 84 87
69 85 87
69 83 87
69 86 87
67 84 87
67 85 87
67 83 87
67 86 87
70 84 87
70 85 87
70 83 87
70 86 87
68 84 87
68 85 87
68 83 87
68 86 87
69 59 76
69 60 76
69 61 76
69 62 76
67 59 76
67 60 76
67 61 76
67 62 76
70 59 76
70 60 76
70 61 76
70 62 76
68 59 76
68 60 76
68 61 76
68 62 76
69 52 473
69 53 473
69 51 473
69 54 473
67 52 473
67 53 473
67 51 473
67 54 473
70 52 473
70 53 473
70 51 473
70 54 473
68 52 473
68 53 473
68 51 473
68 54 473
69 99 106
69 102 106
69 101 106
69 100 106
67 99 106
67 102 106
67 101 106
67 100 106
70 99 106
70 102 106
70 101 106
70 100 106
68 99 106
68 102 106
68 101 106
68 100 106
69 92 57
69 93 57
69 94 57
69 91 57
67 92 57
67 93 57
67 94 57
67 91 57
70 92 57
70 93 57
70 94 57
70 91 57
68 92 57
68 93 57
68 94 57
68 91 57
69 33 112
69 32 112
69 34 112
69 31 112
67 33 112
67 32 112
67 34 112
67 31 112
70 33 112
70 32 112
70 34 112
70 31 112
68 33 112
68 32 112
68 34 112
68 31 112
69 27 635
69 28 635
69 30 635
69 29 635
67 27 635
67 28 635
67 30 635
67 29 635
70 27 635
70 28 635
70 30 635
70 29 635
68 27 635
68 28 635
68 30 635
68 29 635
69 57 110
69 56 110
69 58 110
69 55 110
67 57 110
67 56 110
67 58 110
67 55 110
70 57 110
70 56 110
70 58 110
70 55 110
68 57 110
68 56 110
68 58 110
68 55 110
69 104 21
69 103 21
69 106 21
69 105 21
67 104 21
67 103 21
67 106 21
67 105 21
70 104 21
70 103 21
70 106 21
70 105 21
68 104 21
68 103 21
68 106 21
68 105 21
69 109 48
69 108 48
69 110 48
69 107 48
67 109 48
67 108 48
67 110 48
67 107 48
70 109 48
70 108 48
70 110 48
70 107 48
68 109 48
68 108 48
68 110 48
68 107 48
69 87 119
69 90 119
69 88 119
69 89 119
67 87 119
67 90 119
67 88 119
67 89 119
70 87 119
70 90 119
70 88 119
70 89 119
68 87 119
68 90 119
68 88 119
68 89 119
69 98 75
69 95 75
69 97 75
69 96 75
67 98 75
67 95 75
67 97 75
67 96 75
70 98 75
70 95 75
70 97 75
70 96 75
68 98 75
68 95 75
68 97 75
68 96 75
69 63 4
69 64 4
69 66 4
69 65 4
67 63 4
67 64 4
67 66 4
67 65 4
70 63 4
70 64 4
70 66 4
70 65 4
68 63 4
68 64 4
68 66 4
68 65 4
74 74 1867
74 72 1867
74 71 1867
74 73 1867
72 74 1867
72 72 1867
72 71 1867
72 73 1867
71 74 1867
71 72 1867
71 71 1867
71 73 1867
73 74 1867
73 72 1867
73 71 1867
73 73 1867
74 50 1867
74 49 1867
74 48 1867
74 47 1867
72 50 1867
72 49 1867
72 48 1867
72 47 1867
71 50 1867
71 49 1867
71 48 1867
71 47 1867
73 50 1867
73 49 1867
73 48 1867
73 47 1867
74 81 1330
74 80 1330
74 82 1330
74 79 1330
72 81 1330
72 80 1330
72 82 1330
72 79 1330
71 81 1330
71 80 1330
71 82 1330
71 79 1330
73 81 1330
73 80 1330
73 82 1330
73 79 1330
74 42 373
74 39 373
74 40 373
74 41 373
72 42 373
72 39 373
72 40 373
72 41 373
71 42 373
71 39 373
71 40 373
71 41 373
73 42 373
73 39 373
73 40 373
73 41 373
74 84 187
74 85 187
74 83 187
74 86 187
72 84 187
72 85 187
72 83 187
72 86 187
71 84 187
71 85 187
71 83 187
71 86 187
73 84 187
73 85 187
73 83 187
73 86 187
74 77 232
74 75 232
74 76 232
74 78 232
72 77 232
72 75 232
72 76 232
72 78 232
71 77 232
71 75 232
71 76 232
71 78 232
73 77 232
73 75 232
73 76 232
73 78 232
74 38 1424
74 35 1424
74 36 1424
74 37 1424
72 38 1424
72 35 1424
72 36 1424
72 37 1424
71 38 1424
71 35 1424
71 36 1424
71 37 1424
73 38 1424
73 35 1424
73 36 1424
73 37 1424
74 46 206
74 45 206
74 43 206
74 44 206
72 46 206
72 45 206
72 43 206
72 44 206
71 46 206
71 45 206
71 43 206
71 44 206
73 46 206
73 45 206
73 43 206
73 44 206
74 52 1012
74 53 1012
74 51 1012
74 54 1012
72 52 1012
72 53 1012
72 51 1012
72 54 1012
71 52 1012
71 53 1012
71 51 1012
71 54 1012
73 52 1012
73 53 1012
73 51 1012
73 54 1012
74 59 164
74 60 164
74 61 164
74 62 164
72 59 164
72 60 164
72 61 164
72 62 164
71 59 164
71 60 164
71 61 164
71 62 164
73 59 164
73 60 164
73 61 164
73 62 164
74 25 1363
74 24 1363
74 26 1363
74 23 1363
72 25 1363
72 24 1363
72 26 1363
72 23 1363
71 25 1363
71 24 1363
71 26 1363
71 23 1363
73 25 1363
73 24 1363
73 26 1363
73 23 1363
74 99 228
74 102 228
74 101 228
74 100 228
72 99 228
72 102 228
72 101 228
72 100 228
71 99 228
71 102 228
71 101 228
71 100 228
73 99 228
73 102 228
73 101 228
73 100 228
74 69 872
74 67 872
74 70 872
74 68 872
72 69 872
72 67 872
72 70 872
72 68 872
71 69 872
71 67 872
71 70 872
71 68 872
73 69 872
73 67 872
73 70 872
73 68 872
74 92 122
74 93 122
74 94 122
74 91 122
72 92 122
72 93 122
72 94 122
72 91 122
71 92 122
71 93 122
71 94 122
71 91 122
73 92 122
73 93 122
73 94 122
73 91 122
74 27 1359
74 28 1359
74 30 1359
74 29 1359
72 27 1359
72 28 1359
72 30 1359
72 29 1359
71 27 1359
71 28 1359
71 30 1359
71 29 1359
73 27 1359
73 28 1359
73 30 1359
73 29 1359
74 57 236
74 56 236
74 58 236
74 55 236
72 57 236
72 56 236
72 58 236
72 55 236
71 57 236
71 56 236
71 58 236
71 55 236
73 57 236
73 56 236
73 58 236
73 55 236
74 33 240
74 32 240
74 34 240
74 31 240
72 33 240
72 32 240
72 34 240
72 31 240
71 33 240
71 32 240
71 34 240
71 31 240
73 33 240
73 32 240
73 34 240
73 31 240
74 104 45
74 103 45
74 106 45
74 105 45
72 104 45
72 103 45
72 106 45
72 105 45
71 104 45
71 103 45
71 106 45
71 105 45
73 104 45
73 103 45
73 106 45
73 105 45
74 109 103
74 108 103
74 110 103
74 107 103
72 109 103
72 108 103
72 110 103
72 107 103
71 109 103
71 108 103
71 110 103
71 107 103
73 109 103
73 108 103
73 110 103
73 107 103
74 87 254
74 90 254
74 88 254
74 89 254
72 87 254
72 90 254
72 88 254
72 89 254
71 87 254
71 90 254
71 88 254
71 89 254
73 87 254
73 90 254
73 88 254
73 89 254
74 98 160
74 95 160
74 97 160
74 96 160
72 98 160
72 95 160
72 97 160
72 96 160
71 98 160
71 95 160
71 97 160
71 96 160
73 98 160
73 95 160
73 97 160
73 96 160
74 63 10
74 64 10
74 66 10
74 65 10
72 63 10
72 64 10
72 66 10
72 65 10
71 63 10
71 64 10
71 66 10
71 65 10
73 63 10
73 64 10
73 66 10
73 65 10
77 77 29
77 75 29
77 76 29
77 78 29
75 77 29
75 75 29
75 76 29
75 78 29
76 77 29
76 75 29
76 76 29
76 78 29
78 77 29
78 75 29
78 76 29
78 78 29
77 50 232
77 49 232
77 48 232
77 47 232
75 50 232
75 49 232
75 48 232
75 47 232
76 50 232
76 49 232
76 48 232
76 47 232
78 50 232
78 49 232
78 48 232
78 47 232
77 74 232
77 72 232
77 71 232
77 73 232
75 74 232
75 72 232
75 71 232
75 73 232
76 74 232
76 72 232
76 71 232
76 73 232
78 74 232
78 72 232
78 71 232
78 73 232
77 42 46
77 39 46
77 40 46
77 41 46
75 42 46
75 39 46
75 40 46
75 41 46
76 42 46
76 39 46
76 40 46
76 41 46
78 42 46
78 39 46
78 40 46
78 41 46
77 81 165
77 80 165
77 82 165
77 79 165
75 81 165
75 80 165
75 82 165
75 79 165
76 81 165
76 80 165
76 82 165
76 79 165
78 81 165
78 80 165
78 82 165
78 79 165
77 38 177
77 35 177
77 36 177
77 37 177
75 38 177
75 35 177
75 36 177
75 37 177
76 38 177
76 35 177
76 36 177
76 37 177
78 38 177
78 35 177
78 36 177
78 37 177
77 46 25
77 45 25
77 43 25
77 44 25
75 46 25
75 45 25
75 43 25
75 44 25
76 46 25
76 45 25
76 43 25
76 44 25
78 46 25
78 45 25
78 43 25
78 44 25
77 84 23
77 85 23
77 83 23
77 86 23
75 84 23
75 85 23
75 83 23
75 86 23
76 84 23
76 85 23
76 83 23
76 86 23
78 84 23
78 85 23
78 83 23
78 86 23
77 25 170
77 24 170
77 26 170
77 23 170
75 25 170
75 24 170
75 26 170
75 23 170
76 25 170
76 24 170
76 26 170
76 23 170
78 25 170
78 24 170
78 26 170
78 23 170
77 52 126
77 53 126
77 51 126
77 54 126
75 52 126
75 53 126
75 51 126
75 54 126
76 52 126
76 53 126
76 51 126
76 54 126
78 52 126
78 53 126
78 51 126
78 54 126
77 59 20
77 60 20
77 61 20
77 62 20
75 59 20
75 60 20
75 61 20
75 62 20
76 59 20
76 60 20
76 61 20
76 62 20
78 59 20
78 60 20
78 61 20
78 62 20
77 92 15
77 93 15
77 94 15
77 91 15
75 92 15
75 93 15
75 94 15
75 91 15
76 92 15
76 93 15
76 94 15
76 91 15
78 92 15
78 93 15
78 94 15
78 91 15
77 99 28
77 102 28
77 101 28
77 100 28
75 99 28
75 102 28
75 101 28
75 100 28
76 99 28
76 102 28
76 101 28
76 100 28
78 99 28
78 102 28
78 101 28
78 100 28
77 69 108
77 67 108
77 70 108
77 68 108
75 69 108
75 67 108
75 70 108
75 68 108
76 69 108
76 67 108
76 70 108
76 68 108
78 69 108
78 67 108
78 70 108
78 68 108
77 27 169
77 28 169
77 30 169
77 29 169
75 27 169
75 28 169
75 30 169
75 29 169
76 27 169
76 28 169
76 30 169
76 29 169
78 27 169
78 28 169
78 30 169
78 29 169
77 57 29
77 56 29
77 58 29
77 55 29
75 57 29
75 56 29
75 58 29
75 55 29
76 57 29
76 56 29
76 58 29
76 55 29
78 57 29
78 56 29
78 58 29
78 55 29
77 33 29
77 32 29
77 34 29
77 31 29
75 33 29
75 32 29
75 34 29
75 31 29
76 33 29
76 32 29
76 34 29
76 31 29
78 33 29
78 32 29
78 34 29
78 31 29
77 104 5
77 103 5
77 106 5
77 105 5
75 104 5
75 103 5
75 106 5
75 105 5
76 104 5
76 103 5
76 106 5
76 105 5
78 104 5
78 103 5
78 106 5
78 105 5
77 109 12
77 108 12
77 110 12
77 107 12
75 109 12
75 108 12
75 110 12
75 107 12
76 109 12
76 108 12
76 110 12
76 107 12
78 109 12
78 108 12
78 110 12
78 107 12
77 87 31
77 90 31
77 88 31
77 89 31
75 87 31
75 90 31
75 88 31
75 89 31
76 87 31
76 90 31
76 88 31
76 89 31
78 87 31
78 90 31
78 88 31
78 89 31
77 98 20
77 95 20
77 97 20
77 96 20
75 98 20
75 95 20
75 97 20
75 96 20
76 98 20
76 95 20
76 97 20
76 96 20
78 98 20
78 95 20
78 97 20
78 96 20
77 63 1
77 64 1
77 66 1
77 65 1
75 63 1
75 64 1
75 66 1
75 65 1
76 63 1
76 64 1
76 66 1
76 65 1
78 63 1
78 64 1
78 66 1
78 65 1
81 81 948
81 80 948
81 82 948
81 79 948
80 81 948
80 80 948
80 82 948
80 79 948
82 81 948
82 80 948
82 82 948
82 79 948
79 81 948
79 80 948
79 82 948
79 79 948
81 74 1330
81 72 1330
81 71 1330
81 73 1330
80 74 1330
80 72 1330
80 71 1330
80 73 1330
82 74 1330
82 72 1330
82 71 1330
82 73 1330
79 74 1330
79 72 1330
79 71 1330
79 73 1330
81 59 117
81 60 117
81 61 117
81 62 117
80 59 117
80 60 117
80 61 117
80 62 117
82 59 117
82 60 117
82 61 117
82 62 117
79 59 117
79 60 117
79 61 117
79 62 117
81 52 721
81 53 721
81 51 721
81 54 721
80 52 721
80 53 721
80 51 721
80 54 721
82 52 721
82 53 721
82 51 721
82 54 721
79 52 721
79 53 721
79 51 721
79 54 721
81 50 1330
81 49 1330
81 48 1330
81 47 1330
80 50 1330
80 49 1330
80 48 1330
80 47 1330
82 50 1330
82 49 1330
82 48 1330
82 47 1330
79 50 1330
79 49 1330
79 48 1330
79 47 1330
81 38 1015
81 35 1015
81 36 1015
81 37 1015
80 38 1015
80 35 1015
80 36 1015
80 37 1015
82 38 1015
82 35 1015
82 36 1015
82 37 1015
79 38 1015
79 35 1015
79 36 1015
79 37 1015
81 42 266
81 39 266
81 40 266
81 41 266
80 42 266
80 39 266
80 40 266
80 41 266
82 42 266
82 39 266
82 40 266
82 41 266
79 42 266
79 39 266
79 40 266
79 41 266
81 84 133
81 85 133
81 83 133
81 86 133
80 84 133
80 85 133
80 83 133
80 86 133
82 84 133
82 85 133
82 83 133
82 86 133
79 84 133
79 85 133
79 83 133
79 86 133
81 46 147
81 45 147
81 43 147
81 44 147
80 46 147
80 45 147
80 43 147
80 44 147
82 46 147
82 45 147
82 43 147
82 44 147
79 46 147
79 45 147
79 43 147
79 44 147
81 77 165
81 75 165
81 76 165
81 78 165
80 77 165
80 75 165
80 76 165
80 78 165
82 77 165
82 75 165
82 76 165
82 78 165
79 77 165
79 75 165
79 76 165
79 78 165
81 25 972
81 24 972
81 26 972
81 23 972
80 25 972
80 24 972
80 26 972
80 23 972
82 25 972
82 24 972
82 26 972
82 23 972
79 25 972
79 24 972
79 26 972
79 23 972
81 99 162
81 102 162
81 101 162
81 100 162
80 99 162
80 102 162
80 101 162
80 100 162
82 99 162
82 102 162
82 101 162
82 100 162
79 99 162
79 102 162
79 101 162
79 100 162
81 69 622
81 67 622
81 70 622
81 68 622
80 69 622
80 67 622
80 70 622
80 68 622
82 69 622
82 67 622
82 70 622
82 68 622
79 69 622
79 67 622
79 70 622
79 68 622
81 33 171
81 32 171
81 34 171
81 31 171
80 33 171
80 32 171
80 34 171
80 31 171
82 33 171
82 32 171
82 34 171
82 31 171
79 33 171
79 32 171
79 34 171
79 31 171
81 92 87
81 93 87
81 94 87
81 91 87
80 92 87
80 93 87
80 94 87
80 91 87
82 92 87
82 93 87
82 94 87
82 91 87
79 92 87
79 93 87
79 94 87
79 91 87
81 27 968
81 28 968
81 30 968
81 29 968
80 27 968
80 28 968
80 30 968
80 29 968
82 27 968
82 28 968
82 30 968
82 29 968
79 27 968
79 28 968
79 30 968
79 29 968
81 57 168
81 56 168
81 58 168
81 55 168
80 57 168
80 56 168
80 58 168
80 55 168
82 57 168
82 56 168
82 58 168
82 55 168
79 57 168
79 56 168
79 58 168
79 55 168
81 104 32
81 103 32
81 106 32
81 105 32
80 104 32
80 103 32
80 106 32
80 105 32
82 104 32
82 103 32
82 106 32
82 105 32
79 104 32
79 103 32
79 106 32
79 105 32
81 109 73
81 108 73
81 110 73
81 107 73
80 109 73
80 108 73
80 110 73
80 107 73
82 109 73
82 108 73
82 110 73
82 107 73
79 109 73
79 108 73
79 110 73
79 107 73
81 87 181
81 90 181
81 88 181
81 89 181
80 87 181
80 90 181
80 88 181
80 89 181
82 87 181
82 90 181
82 88 181
82 89 181
79 87 181
79 90 181
79 88 181
79 89 181
81 98 114
81 95 114
81 97 114
81 96 114
80 98 114
80 95 114
80 97 114
80 96 114
82 98 114
82 95 114
82 97 114
82 96 114
79 98 114
79 95 114
79 97 114
79 96 114
81 63 7
81 64 7
81 66 7
81 65 7
80 63 7
80 64 7
80 66 7
80 65 7
82 63 7
82 64 7
82 66 7
82 65 7
79 63 7
79 64 7
79 66 7
79 65 7
84 84 18
84 85 18
84 83 18
84 86 18
85 84 18
85 85 18
85 83 18
85 86 18
83 84 18
83 85 18
83 83 18
83 86 18
86 84 18
86 85 18
86 83 18
86 86 18
84 74 187
84 72 187
84 71 187
84 73 187
85 74 187
85 72 187
85 71 187
85 73 187
83 74 187
83 72 187
83 71 187
83 73 187
86 74 187
86 72 187
86 71 187
86 73 187
84 59 16
84 60 16
84 61 16
84 62 16
85 59 16
85 60 16
85 61 16
85 62 16
83 59 16
83 60 16
83 61 16
83 62 16
86 59 16
86 60 16
86 61 16
86 62 16
84 50 187
84 49 187
84 48 187
84 47 187
85 50 187
85 49 187
85 48 187
85 47 187
83 50 187
83 49 187
83 48 187
83 47 187
86 50 187
86 49 187
86 48 187
86 47 187
84 99 22
84 102 22
84 101 22
84 100 22
85 99 22
85 102 22
85 101 22
85 100 22
83 99 22
83 102 22
83 101 22
83 100 22
86 99 22
86 102 22
86 101 22
86 100 22
84 38 143
84 35 143
84 36 143
84 37 143
85 38 143
85 35 143
85 36 143
85 37 143
83 38 143
83 35 143
83 36 143
83 37 143
86 38 143
86 35 143
86 36 143
86 37 143
84 81 133
84 80 133
84 82 133
84 79 133
85 81 133
85 80 133
85 82 133
85 79 133
83 81 133
83 80 133
83 82 133
83 79 133
86 81 133
86 80 133
86 82 133
86 79 133
84 42 37
84 39 37
84 40 37
84 41 37
85 42 37
85 39 37
85 40 37
85 41 37
83 42 37
83 39 37
83 40 37
83 41 37
86 42 37
86 39 37
86 40 37
86 41 37
84 46 20
84 45 20
84 43 20
84 44 20
85 46 20
85 45 20
85 43 20
85 44 20
83 46 20
83 45 20
83 43 20
83 44 20
86 46 20
86 45 20
86 43 20
86 44 20
84 77 23
84 75 23
84 76 23
84 78 23
85 77 23
85 75 23
85 76 23
85 78 23
83 77 23
83 75 23
83 76 23
83 78 23
86 77 23
86 75 23
86 76 23
86 78 23
84 25 137
84 24 137
84 26 137
84 23 137
85 25 137
85 24 137
85 26 137
85 23 137
83 25 137
83 24 137
83 26 137
83 23 137
86 25 137
86 24 137
86 26 137
86 23 137
84 52 101
84 53 101
84 51 101
84 54 101
85 52 101
85 53 101
85 51 101
85 54 101
83 52 101
83 53 101
83 51 101
83 54 101
86 52 101
86 53 101
86 51 101
86 54 101
84 92 12
84 93 12
84 94 12
84 91 12
85 92 12
85 93 12
85 94 12
85 91 12
83 92 12
83 93 12
83 94 12
83 91 12
86 92 12
86 93 12
86 94 12
86 91 12
84 69 87
84 67 87
84 70 87
84 68 87
85 69 87
85 67 87
85 70 87
85 68 87
83 69 87
83 67 87
83 70 87
83 68 87
86 69 87
86 67 87
86 70 87
86 68 87
84 104 4
84 103 4
84 106 4
84 105 4
85 104 4
85 103 4
85 106 4
85 105 4
83 104 4
83 103 4
83 106 4
83 105 4
86 104 4
86 103 4
86 106 4
86 105 4
84 27 136
84 28 136
84 30 136
84 29 136
85 27 136
85 28 136
85 30 136
85 29 136
83 27 136
83 28 136
83 30 136
83 29 136
86 27 136
86 28 136
86 30 136
86 29 136
84 109 10
84 108 10
84 110 10
84 107 10
85 109 10
85 108 10
85 110 10
85 107 10
83 109 10
83 108 10
83 110 10
83 107 10
86 109 10
86 108 10
86 110 10
86 107 10
84 57 23
84 56 23
84 58 23
84 55 23
85 57 23
85 56 23
85 58 23
85 55 23
83 57 23
83 56 23
83 58 23
83 55 23
86 57 23
86 56 23
86 58 23
86 55 23
84 33 24
84 32 24
84 34 24
84 31 24
85 33 24
85 32 24
85 34 24
85 31 24
83 33 24
83 32 24
83 34 24
83 31 24
86 33 24
86 32 24
86 34 24
86 31 24
84 87 25
84 90 25
84 88 25
84 89 25
85 87 25
85 90 25
85 88 25
85 89 25
83 87 25
83 90 25
83 88 25
83 89 25
86 87 25
86 90 25
86 88 25
86 89 25
84 98 16
84 95 16
84 97 16
84 96 16
85 98 16
85 95 16
85 97 16
85 96 16
83 98 16
83 95 16
83 97 16
83 96 16
86 98 16
86 95 16
86 97 16
86 96 16
84 63 1
84 64 1
84 66 1
84 65 1
85 63 1
85 64 1
85 66 1
85 65 1
83 63 1
83 64 1
83 66 1
83 65 1
86 63 1
86 64 1
86 66 1
86 65 1
87 87 34
87 90 34
87 88 34
87 89 34
90 87 34
90 90 34
90 88 34
90 89 34
88 87 34
88 90 34
88 88 34
88 89 34
89 87 34
89 90 34
89 88 34
89 89 34
87 74 254
87 72 254
87 71 254
87 73 254
90 74 254
90 72 254
90 71 254
90 73 254
88 74 254
88 72 254
88 71 254
88 73 254
89 74 254
89 72 254
89 71 254
89 73 254
87 81 181
87 80 181
87 82 181
87 79 181
90 81 181
90 80 181
90 82 181
90 79 181
88 81 181
88 80 181
88 82 181
88 79 181
89 81 181
89 80 181
89 82 181
89 79 181
87 50 254
87 49 254
87 48 254
87 47 254
90 50 254
90 49 254
90 48 254
90 47 254
88 50 254
88 49 254
88 48 254
88 47 254
89 50 254
89 49 254
89 48 254
89 47 254
87 59 22
87 60 22
87 61 22
87 62 22
90 59 22
90 60 22
90 61 22
90 62 22
88 59 22
88 60 22
88 61 22
88 62 22
89 59 22
89 60 22
89 61 22
89 62 22
87 52 138
87 53 138
87 51 138
87 54 138
90 52 138
90 53 138
90 51 138
90 54 138
88 52 138
88 53 138
88 51 138
88 54 138
89 52 138
89 53 138
89 51 138
89 54 138
87 42 50
87 39 50
87 40 50
87 41 50
90 42 50
90 39 50
90 40 50
90 41 50
88 42 50
88 39 50
88 40 50
88 41 50
89 42 50
89 39 50
89 40 50
89 41 50
87 84 25
87 85 25
87 83 25
87 86 25
90 84 25
90 85 25
90 83 25
90 86 25
88 84 25
88 85 25
88 83 25
88 86 25
89 84 25
89 85 25
89 83 25
89 86 25
87 77 31
87 75 31
87 76 31
87 78 31
90 77 31
90 75 31
90 76 31
90 78 31
88 77 31
88 75 31
88 76 31
88 78 31
89 77 31
89 75 31
89 76 31
89 78 31
87 38 194
87 35 194
87 36 194
87 37 194
90 38 194
90 35 194
90 36 194
90 37 194
88 38 194
88 35 194
88 36 194
88 37 194
89 38 194
89 35 194
89 36 194
89 37 194
87 46 28
87 45 28
87 43 28
87 44 28
90 46 28
90 45 28
90 43 28
90 44 28
88 46 28
88 45 28
88 43 28
88 44 28
89 46 28
89 45 28
89 43 28
89 44 28
87 25 186
87 24 186
87 26 186
87 23 186
90 25 186
90 24 186
90 26 186
90 23 186
88 25 186
88 24 186
88 26 186
88 23 186
89 25 186
89 24 186
89 26 186
89 23 186
87 99 31
87 102 31
87 101 31
87 100 31
90 99 31
90 102 31
90 101 31
90 100 31
88 99 31
88 102 31
88 101 31
88 100 31
89 99 31
89 102 31
89 101 31
89 100 31
87 69 119
87 67 119
87 70 119
87 68 119
90 69 119
90 67 119
90 70 119
90 68 119
88 69 119
88 67 119
88 70 119
88 68 119
89 69 119
89 67 119
89 70 119
89 68 119
87 92 16
87 93 16
87 94 16
87 91 16
90 92 16
90 93 16
90 94 16
90 91 16
88 92 16
88 93 16
88 94 16
88 91 16
89 92 16
89 93 16
89 94 16
89 91 16
87 27 185
87 28 185
87 30 185
87 29 185
90 27 185
90 28 185
90 30 185
90 29 185
88 27 185
88 28 185
88 30 185
88 29 185
89 27 185
89 28 185
89 30 185
89 29 185
87 33 32
87 32 32
87 34 32
87 31 32
90 33 32
90 32 32
90 34 32
90 31 32
88 33 32
88 32 32
88 34 32
88 31 32
89 33 32
89 32 32
89 34 32
89 31 32
87 57 32
87 56 32
87 58 32
87 55 32
90 57 32
90 56 32
90 58 32
90 55 32
88 57 32
88 56 32
88 58 32
88 55 32
89 57 32
89 56 32
89 58 32
89 55 32
87 104 6
87 103 6
87 106 6
87 105 6
90 104 6
90 103 6
90 106 6
90 105 6
88 104 6
88 103 6
88 106 6
88 105 6
89 104 6
89 103 6
89 106 6
89 105 6
87 109 14
87 108 14
87 110 14
87 107 14
90 109 14
90 108 14
90 110 14
90 107 14
88 109 14
88 108 14
88 110 14
88 107 14
89 109 14
89 108 14
89 110 14
89 107 14
87 98 21
87 95 21
87 97 21
87 96 21
90 98 21
90 95 21
90 97 21
90 96 21
88 98 21
88 95 21
88 97 21
88 96 21
89 98 21
89 95 21
89 97 21
89 96 21
87 63 1
87 64 1
87 66 1
87 65 1
90 63 1
90 64 1
90 66 1
90 65 1
88 63 1
88 64 1
88 66 1
88 65 1
89 63 1
89 64 1
89 66 1
89 65 1
92 92 8
92 93 8
92 94 8
92 91 8
93 92 8
93 93 8
93 94 8
93 91 8
94 92 8
94 93 8
94 94 8
94 91 8
91 92 8
91 93 8
91 94 8
91 91 8
92 99 14
92 102 14
92 101 14
92 100 14
93 99 14
93 102 14
93 101 14
93 100 14
94 99 14
94 102 14
94 101 14
94 100 14
91 99 14
91 102 14
91 101 14
91 100 14
92 77 15
92 75 15
92 76 15
92 78 15
93 77 15
93 75 15
93 76 15
93 78 15
94 77 15
94 75 15
94 76 15
94 78 15
91 77 15
91 75 15
91 76 15
91 78 15
92 84 12
92 85 12
92 83 12
92 86 12
93 84 12
93 85 12
93 83 12
93 86 12
94 84 12
94 85 12
94 83 12
94 86 12
91 84 12
91 85 12
91 83 12
91 86 12
92 50 122
92 49 122
92 48 122
92 47 122
93 50 122
93 49 122
93 48 122
93 47 122
94 50 122
94 49 122
94 48 122
94 47 122
91 50 122
91 49 122
91 48 122
91 47 122
92 74 122
92 72 122
92 71 122
92 73 122
93 74 122
93 72 122
93 71 122
93 73 122
94 74 122
94 72 122
94 71 122
94 73 122
91 74 122
91 72 122
91 71 122
91 73 122
92 59 10
92 60 10
92 61 10
92 62 10
93 59 10
93 60 10
93 61 10
93 62 10
94 59 10
94 60 10
94 61 10
94 62 10
91 59 10
91 60 10
91 61 10
91 62 10
92 42 24
92 39 24
92 40 24
92 41 24
93 42 24
93 39 24
93 40 24
93 41 24
94 42 24
94 39 24
94 40 24
94 41 24
91 42 24
91 39 24
91 40 24
91 41 24
92 81 87
92 80 87
92 82 87
92 79 87
93 81 87
93 80 87
93 82 87
93 79 87
94 81 87
94 80 87
94 82 87
94 79 87
91 81 87
91 80 87
91 82 87
91 79 87
92 38 93
92 35 93
92 36 93
92 37 93
93 38 93
93 35 93
93 36 93
93 37 93
94 38 93
94 35 93
94 36 93
94 37 93
91 38 93
91 35 93
91 36 93
91 37 93
92 46 13
92 45 13
92 43 13
92 44 13
93 46 13
93 45 13
93 43 13
93 44 13
94 46 13
94 45 13
94 43 13
94 44 13
91 46 13
91 45 13
91 43 13
91 44 13
92 25 89
92 24 89
92 26 89
92 23 89
93 25 89
93 24 89
93 26 89
93 23 89
94 25 89
94 24 89
94 26 89
94 23 89
91 25 89
91 24 89
91 26 89
91 23 89
92 52 66
92 53 66
92 51 66
92 54 66
93 52 66
93 53 66
93 51 66
93 54 66
94 52 66
94 53 66
94 51 66
94 54 66
91 52 66
91 53 66
91 51 66
91 54 66
92 109 6
92 108 6
92 110 6
92 107 6
93 109 6
93 108 6
93 110 6
93 107 6
94 109 6
94 108 6
94 110 6
94 107 6
91 109 6
91 108 6
91 110 6
91 107 6
92 69 57
92 67 57
92 70 57
92 68 57
93 69 57
93 67 57
93 70 57
93 68 57
94 69 57
94 67 57
94 70 57
94 68 57
91 69 57
91 67 57
91 70 57
91 68 57
92 104 2
92 103 2
92 106 2
92 105 2
93 104 2
93 103 2
93 106 2
93 105 2
94 104 2
94 103 2
94 106 2
94 105 2
91 104 2
91 103 2
91 106 2
91 105 2
92 27 89
92 28 89
92 30 89
92 29 89
93 27 89
93 28 89
93 30 89
93 29 89
94 27 89
94 28 89
94 30 89
94 29 89
91 27 89
91 28 89
91 30 89
91 29 89
92 57 15
92 56 15
92 58 15
92 55 15
93 57 15
93 56 15
93 58 15
93 55 15
94 57 15
94 56 15
94 58 15
94 55 15
91 57 15
91 56 15
91 58 15
91 55 15
92 33 15
92 32 15
92 34 15
92 31 15
93 33 15
93 32 15
93 34 15
93 31 15
94 33 15
94 32 15
94 34 15
94 31 15
91 33 15
91 32 15
91 34 15
91 31 15
92 87 16
92 90 16
92 88 16
92 89 16
93 87 16
93 90 16
93 88 16
93 89 16
94 87 16
94 90 16
94 88 16
94 89 16
91 87 16
91 90 16
91 88 16
91 89 16
92 98 10
92 95 10
92 97 10
92 96 10
93 98 10
93 95 10
93 97 10
93 96 10
94 98 10
94 95 10
94 97 10
94 96 10
91 98 10
91 95 10
91 97 10
91 96 10
92 63 0
92 64 0
92 66 0
92 65 0
93 63 0
93 64 0
93 66 0
93 65 0
94 63 0
94 64 0
94 66 0
94 65 0
91 63 0
91 64 0
91 66 0
91 65 0
98 98 13
98 95 13
98 97 13
98 96 13
95 98 13
95 95 13
95 97 13
95 96 13
97 98 13
97 95 13
97 97 13
97 96 13
96 98 13
96 95 13
96 97 13
96 96 13
98 81 114
98 80 114
98 82 114
98 79 114
95 81 114
95 80 114
95 82 114
95 79 114
97 81 114
97 80 114
97 82 114
97 79 114
96 81 114
96 80 114
96 82 114
96 79 114
98 74 160
98 72 160
98 71 160
98 73 160
95 74 160
95 72 160
95 71 160
95 73 160
97 74 160
97 72 160
97 71 160
97 73 160
96 74 160
96 72 160
96 71 160
96 73 160
98 59 14
98 60 14
98 61 14
98 62 14
95 59 14
95 60 14
95 61 14
95 62 14
97 59 14
97 60 14
97 61 14
97 62 14
96 59 14
96 60 14
96 61 14
96 62 14
98 52 87
98 53 87
98 51 87
98 54 87
95 52 87
95 53 87
95 51 87
95 54 87
97 52 87
97 53 87
97 51 87
97 54 87
96 52 87
96 53 87
96 51 87
96 54 87
98 50 160
98 49 160
98 48 160
98 47 160
95 50 160
95 49 160
95 48 160
95 47 160
97 50 160
97 49 160
97 48 160
97 47 160
96 50 160
96 49 160
96 48 160
96 47 160
98 38 122
98 35 122
98 36 122
98 37 122
95 38 122
95 35 122
95 36 122
95 37 122
97 38 122
97 35 122
97 36 122
97 37 122
96 38 122
96 35 122
96 36 122
96 37 122
98 42 32
98 39 32
98 40 32
98 41 32
95 42 32
95 39 32
95 40 32
95 41 32
97 42 32
97 39 32
97 40 32
97 41 32
96 42 32
96 39 32
96 40 32
96 41 32
98 84 16
98 85 16
98 83 16
98 86 16
95 84 16
95 85 16
95 83 16
95 86 16
97 84 16
97 85 16
97 83 16
97 86 16
96 84 16
96 85 16
96 83 16
96 86 16
98 77 20
98 75 20
98 76 20
98 78 20
95 77 20
95 75 20
95 76 20
95 78 20
97 77 20
97 75 20
97 76 20
97 78 20
96 77 20
96 75 20
96 76 20
96 78 20
98 46 17
98 45 17
98 43 17
98 44 17
95 46 17
95 45 17
95 43 17
95 44 17
97 46 17
97 45 17
97 43 17
97 44 17
96 46 17
96 45 17
96 43 17
96 44 17
98 25 117
98 24 117
98 26 117
98 23 117
95 25 117
95 24 117
95 26 117
95 23 117
97 25 117
97 24 117
97 26 117
97 23 117
96 25 117
96 24 117
96 26 117
96 23 117
98 99 19
98 102 19
98 101 19
98 100 19
95 99 19
95 102 19
95 101 19
95 100 19
97 99 19
97 102 19
97 101 19
97 100 19
96 99 19
96 102 19
96 101 19
96 100 19
98 69 75
98 67 75
98 70 75
98 68 75
95 69 75
95 67 75
95 70 75
95 68 75
97 69 75
97 67 75
97 70 75
97 68 75
96 69 75
96 67 75
96 70 75
96 68 75
98 33 20
98 32 20
98 34 20
98 31 20
95 33 20
95 32 20
95 34 20
95 31 20
97 33 20
97 32 20
97 34 20
97 31 20
96 33 20
96 32 20
96 34 20
96 31 20
98 92 10
98 93 10
98 94 10
98 91 10
95 92 10
95 93 10
95 94 10
95 91 10
97 92 10
97 93 10
97 94 10
97 91 10
96 92 10
96 93 10
96 94 10
96 91 10
98 27 117
98 28 117
98 30 117
98 29 117
95 27 117
95 28 117
95 30 117
95 29 117
97 27 117
97 28 117
97 30 117
97 29 117
96 27 117
96 28 117
96 30 117
96 29 117
98 57 20
98 56 20
98 58 20
98 55 20
95 57 20
95 56 20
95 58 20
95 55 20
97 57 20
97 56 20
97 58 20
97 55 20
96 57 20
96 56 20
96 58 20
96 55 20
98 104 3
98 103 3
98 106 3
98 105 3
95 104 3
95 103 3
95 106 3
95 105 3
97 104 3
97 103 3
97 106 3
97 105 3
96 104 3
96 103 3
96 106 3
96 105 3
98 109 8
98 108 8
98 110 8
98 107 8
95 109 8
95 108 8
95 110 8
95 107 8
97 109 8
97 108 8
97 110 8
97 107 8
96 109 8
96 108 8
96 110 8
96 107 8
98 87 21
98 90 21
98 88 21
98 89 21
95 87 21
95 90 21
95 88 21
95 89 21
97 87 21
97 90 21
97 88 21
97 89 21
96 87 21
96 90 21
96 88 21
96 89 21
98 63 0
98 64 0
98 66 0
98 65 0
95 63 0
95 64 0
95 66 0
95 65 0
97 63 0
97 64 0
97 66 0
97 65 0
96 63 0
96 64 0
96 66 0
96 65 0
99 99 27
99 102 27
99 101 27
99 100 27
102 99 27
102 102 27
102 101 27
102 100 27
101 99 27
101 102 27
101 101 27
101 100 27
100 99 27
100 102 27
100 101 27
100 100 27
99 84 22
99 85 22
99 83 22
99 86 22
102 84 22
102 85 22
102 83 22
102 86 22
101 84 22
101 85 22
101 83 22
101 86 22
100 84 22
100 85 22
100 83 22
100 86 22
99 92 14
99 93 14
99 94 14
99 91 14
102 92 14
102 93 14
102 94 14
102 91 14
101 92 14
101 93 14
101 94 14
101 91 14
100 92 14
100 93 14
100 94 14
100 91 14
99 59 20
99 60 20
99 61 20
99 62 20
102 59 20
102 60 20
102 61 20
102 62 20
101 59 20
101 60 20
101 61 20
101 62 20
100 59 20
100 60 20
100 61 20
100 62 20
99 74 228
99 72 228
99 71 228
99 73 228
102 74 228
102 72 228
102 71 228
102 73 228
101 74 228
101 72 228
101 71 228
101 73 228
100 74 228
100 72 228
100 71 228
100 73 228
99 50 228
99 49 228
99 48 228
99 47 228
102 50 228
102 49 228
102 48 228
102 47 228
101 50 228
101 49 228
101 48 228
101 47 228
100 50 228
100 49 228
100 48 228
100 47 228
99 38 174
99 35 174
99 36 174
99 37 174
102 38 174
102 35 174
102 36 174
102 37 174
101 38 174
101 35 174
101 36 174
101 37 174
100 38 174
100 35 174
100 36 174
100 37 174
99 81 162
99 80 162
99 82 162
99 79 162
102 81 162
102 80 162
102 82 162
102 79 162
101 81 162
101 80 162
101 82 162
101 79 162
100 81 162
100 80 162
100 82 162
100 79 162
99 42 45
99 39 45
99 40 45
99 41 45
102 42 45
102 39 45
102 40 45
102 41 45
101 42 45
101 39 45
101 40 45
101 41 45
100 42 45
100 39 45
100 40 45
100 41 45
99 77 28
99 75 28
99 76 28
99 78 28
102 77 28
102 75 28
102 76 28
102 78 28
101 77 28
101 75 28
101 76 28
101 78 28
100 77 28
100 75 28
100 76 28
100 78 28
99 46 25
99 45 25
99 43 25
99 44 25
102 46 25
102 45 25
102 43 25
102 44 25
101 46 25
101 45 25
101 43 25
101 44 25
100 46 25
100 45 25
100 43 25
100 44 25
99 25 166
99 24 166
99 26 166
99 23 166
102 25 166
102 24 166
102 26 166
102 23 166
101 25 166
101 24 166
101 26 166
101 23 166
100 25 166
100 24 166
100 26 166
100 23 166
99 52 123
99 53 123
99 51 123
99 54 123
102 52 123
102 53 123
102 51 123
102 54 123
101 52 123
101 53 123
101 51 123
101 54 123
100 52 123
100 53 123
100 51 123
100 54 123
99 109 12
99 108 12
99 110 12
99 107 12
102 109 12
102 108 12
102 110 12
102 107 12
101 109 12
101 108 12
101 110 12
101 107 12
100 109 12
100 108 12
100 110 12
100 107 12
99 69 106
99 67 106
99 70 106
99 68 106
102 69 106
102 67 106
102 70 106
102 68 106
101 69 106
101 67 106
101 70 106
101 68 106
100 69 106
100 67 106
100 70 106
100 68 106
99 104 5
99 103 5
99 106 5
99 105 5
102 104 5
102 103 5
102 106 5
102 105 5
101 104 5
101 103 5
101 106 5
101 105 5
100 104 5
100 103 5
100 106 5
100 105 5
99 27 166
99 28 166
99 30 166
99 29 166
102 27 166
102 28 166
102 30 166
102 29 166
101 27 166
101 28 166
101 30 166
101 29 166
100 27 166
100 28 166
100 30 166
100 29 166
99 57 28
99 56 28
99 58 28
99 55 28
102 57 28
102 56 28
102 58 28
102 55 28
101 57 28
101 56 28
101 58 28
101 55 28
100 57 28
100 56 28
100 58 28
100 55 28
99 33 29
99 32 29
99 34 29
99 31 29
102 33 29
102 32 29
102 34 29
102 31 29
101 33 29
101 32 29
101 34 29
101 31 29
100 33 29
100 32 29
100 34 29
100 31 29
99 87 31
99 90 31
99 88 31
99 89 31
102 87 31
102 90 31
102 88 31
102 89 31
101 87 31
101 90 31
101 88 31
101 89 31
100 87 31
100 90 31
100 88 31
100 89 31
99 98 19
99 95 19
99 97 19
99 96 19
102 98 19
102 95 19
102 97 19
102 96 19
101 98 19
101 95 19
101 97 19
101 96 19
100 98 19
100 95 19
100 97 19
100 96 19
99 63 1
99 64 1
99 66 1
99 65 1
102 63 1
102 64 1
102 66 1
102 65 1
101 63 1
101 64 1
101 66 1
101 65 1
100 63 1
100 64 1
100 66 1
100 65 1
104 104 1
104 103 1
104 106 1
104 105 1
103 104 1
103 103 1
103 106 1
103 105 1
106 104 1
106 103 1
106 106 1
106 105 1
105 104 1
105 103 1
105 106 1
105 105 1
104 109 2
104 108 2
104 110 2
104 107 2
103 109 2
103 108 2
103 110 2
103 107 2
106 109 2
106 108 2
106 110 2
106 107 2
105 109 2
105 108 2
105 110 2
105 107 2
104 84 4
104 85 4
104 83 4
104 86 4
103 84 4
103 85 4
103 83 4
103 86 4
106 84 4
106 85 4
106 83 4
106 86 4
105 84 4
105 85 4
105 83 4
105 86 4
104 74 45
104 72 45
104 71 45
104 73 45
103 74 45
103 72 45
103 71 45
103 73 45
106 74 45
106 72 45
106 71 45
106 73 45
105 74 45
105 72 45
105 71 45
105 73 45
104 59 4
104 60 4
104 61 4
104 62 4
103 59 4
103 60 4
103 61 4
103 62 4
106 59 4
106 60 4
106 61 4
106 62 4
105 59 4
105 60 4
105 61 4
105 62 4
104 50 45
104 49 45
104 48 45
104 47 45
103 50 45
103 49 45
103 48 45
103 47 45
106 50 45
106 49 45
106 48 45
106 47 45
105 50 45
105 49 45
105 48 45
105 47 45
104 99 5
104 102 5
104 101 5
104 100 5
103 99 5
103 102 5
103 101 5
103 100 5
106 99 5
106 102 5
106 101 5
106 100 5
105 99 5
105 102 5
105 101 5
105 100 5
104 38 34
104 35 34
104 36 34
104 37 34
103 38 34
103 35 34
103 36 34
103 37 34
106 38 34
106 35 34
106 36 34
106 37 34
105 38 34
105 35 34
105 36 34
105 37 34
104 81 32
104 80 32
104 82 32
104 79 32
103 81 32
103 80 32
103 82 32
103 79 32
106 81 32
106 80 32
106 82 32
106 79 32
105 81 32
105 80 32
105 82 32
105 79 32
104 42 9
104 39 9
104 40 9
104 41 9
103 42 9
103 39 9
103 40 9
103 41 9
106 42 9
106 39 9
106 40 9
106 41 9
105 42 9
105 39 9
105 40 9
105 41 9
104 46 5
104 45 5
104 43 5
104 44 5
103 46 5
103 45 5
103 43 5
103 44 5
106 46 5
106 45 5
106 43 5
106 44 5
105 46 5
105 45 5
105 43 5
105 44 5
104 77 5
104 75 5
104 76 5
104 78 5
103 77 5
103 75 5
103 76 5
103 78 5
106 77 5
106 75 5
106 76 5
106 78 5
105 77 5
105 75 5
105 76 5
105 78 5
104 25 33
104 24 33
104 26 33
104 23 33
103 25 33
103 24 33
103 26 33
103 23 33
106 25 33
106 24 33
106 26 33
106 23 33
105 25 33
105 24 33
105 26 33
105 23 33
104 52 24
104 53 24
104 51 24
104 54 24
103 52 24
103 53 24
103 51 24
103 54 24
106 52 24
106 53 24
106 51 24
106 54 24
105 52 24
105 53 24
105 51 24
105 54 24
104 92 2
104 93 2
104 94 2
104 91 2
103 92 2
103 93 2
103 94 2
103 91 2
106 92 2
106 93 2
106 94 2
106 91 2
105 92 2
105 93 2
105 94 2
105 91 2
104 69 21
104 67 21
104 70 21
104 68 21
103 69 21
103 67 21
103 70 21
103 68 21
106 69 21
106 67 21
106 70 21
106 68 21
105 69 21
105 67 21
105 70 21
105 68 21
104 27 33
104 28 33
104 30 33
104 29 33
103 27 33
103 28 33
103 30 33
103 29 33
106 27 33
106 28 33
106 30 33
106 29 33
105 27 33
105 28 33
105 30 33
105 29 33
104 57 5
104 56 5
104 58 5
104 55 5
103 57 5
103 56 5
103 58 5
103 55 5
106 57 5
106 56 5
106 58 5
106 55 5
105 57 5
105 56 5
105 58 5
105 55 5
104 33 5
104 32 5
104 34 5
104 31 5
103 33 5
103 32 5
103 34 5
103 31 5
106 33 5
106 32 5
106 34 5
106 31 5
105 33 5
105 32 5
105 34 5
105 31 5
104 87 6
104 90 6
104 88 6
104 89 6
103 87 6
103 90 6
103 88 6
103 89 6
106 87 6
106 90 6
106 88 6
106 89 6
105 87 6
105 90 6
105 88 6
105 89 6
104 98 3
104 95 3
104 97 3
104 96 3
103 98 3
103 95 3
103 97 3
103 96 3
106 98 3
106 95 3
106 97 3
106 96 3
105 98 3
105 95 3
105 97 3
105 96 3
104 63 0
104 64 0
104 66 0
104 65 0
103 63 0
103 64 0
103 66 0
103 65 0
106 63 0
106 64 0
106 66 0
106 65 0
105 63 0
105 64 0
105 66 0
105 65 0
109 109 5
109 108 5
109 110 5
109 107 5
108 109 5
108 108 5
108 110 5
108 107 5
110 109 5
110 108 5
110 110 5
110 107 5
107 109 5
107 108 5
107 110 5
107 107 5
109 104 2
109 103 2
109 106 2
109 105 2
108 104 2
108 103 2
108 106 2
108 105 2
110 104 2
110 103 2
110 106 2
110 105 2
107 104 2
107 103 2
107 106 2
107 105 2
109 99 12
109 102 12
109 101 12
109 100 12
108 99 12
108 102 12
108 101 12
108 100 12
110 99 12
110 102 12
110 101 12
110 100 12
107 99 12
107 102 12
107 101 12
107 100 12
109 84 10
109 85 10
109 83 10
109 86 10
108 84 10
108 85 10
108 83 10
108 86 10
110 84 10
110 85 10
110 83 10
110 86 10
107 84 10
107 85 10
107 83 10
107 86 10
109 92 6
109 93 6
109 94 6
109 91 6
108 92 6
108 93 6
108 94 6
108 91 6
110 92 6
110 93 6
110 94 6
110 91 6
107 92 6
107 93 6
107 94 6
107 91 6
109 74 103
109 72 103
109 71 103
109 73 103
108 74 103
108 72 103
108 71 103
108 73 103
110 74 103
110 72 103
110 71 103
110 73 103
107 74 103
107 72 103
107 71 103
107 73 103
109 59 9
109 60 9
109 61 9
109 62 9
108 59 9
108 60 9
108 61 9
108 62 9
110 59 9
110 60 9
110 61 9
110 62 9
107 59 9
107 60 9
107 61 9
107 62 9
109 50 103
109 49 103
109 48 103
109 47 103
108 50 103
108 49 103
108 48 103
108 47 103
110 50 103
110 49 103
110 48 103
110 47 103
107 50 103
107 49 103
107 48 103
107 47 103
109 81 73
109 80 73
109 82 73
109 79 73
108 81 73
108 80 73
108 82 73
108 79 73
110 81 73
110 80 73
110 82 73
110 79 73
107 81 73
107 80 73
107 82 73
107 79 73
109 38 78
109 35 78
109 36 78
109 37 78
108 38 78
108 35 78
108 36 78
108 37 78
110 38 78
110 35 78
110 36 78
110 37 78
107 38 78
107 35 78
107 36 78
107 37 78
109 42 20
109 39 20
109 40 20
109 41 20
108 42 20
108 39 20
108 40 20
108 41 20
110 42 20
110 39 20
110 40 20
110 41 20
107 42 20
107 39 20
107 40 20
107 41 20
109 77 12
109 75 12
109 76 12
109 78 12
108 77 12
108 75 12
108 76 12
108 78 12
110 77 12
110 75 12
110 76 12
110 78 12
107 77 12
107 75 12
107 76 12
107 78 12
109 46 11
109 45 11
109 43 11
109 44 11
108 46 11
108 45 11
108 43 11
108 44 11
110 46 11
110 45 11
110 43 11
110 44 11
107 46 11
107 45 11
107 43 11
107 44 11
109 25 75
109 24 75
109 26 75
109 23 75
108 25 75
108 24 75
108 26 75
108 23 75
110 25 75
110 24 75
110 26 75
110 23 75
107 25 75
107 24 75
107 26 75
107 23 75
109 52 55
109 53 55
109 51 55
109 54 55
108 52 55
108 53 55
108 51 55
108 54 55
110 52 55
110 53 55
110 51 55
110 54 55
107 52 55
107 53 55
107 51 55
107 54 55
109 69 48
109 67 48
109 70 48
109 68 48
108 69 48
108 67 48
108 70 48
108 68 48
110 69 48
110 67 48
110 70 48
110 68 48
107 69 48
107 67 48
107 70 48
107 68 48
109 27 75
109 28 75
109 30 75
109 29 75
108 27 75
108 28 75
108 30 75
108 29 75
110 27 75
110 28 75
110 30 75
110 29 75
107 27 75
107 28 75
107 30 75
107 29 75
109 57 13
109 56 13
109 58 13
109 55 13
108 57 13
108 56 13
108 58 13
108 55 13
110 57 13
110 56 13
110 58 13
110 55 13
107 57 13
107 56 13
107 58 13
107 55 13
109 33 13
109 32 13
109 34 13
109 31 13
108 33 13
108 32 13
108 34 13
108 31 13
110 33 13
110 32 13
110 34 13
110 31 13
107 33 13
107 32 13
107 34 13
107 31 13
109 87 14
109 90 14
109 88 14
109 89 14
108 87 14
108 90 14
108 88 14
108 89 14
110 87 14
110 90 14
110 88 14
110 89 14
107 87 14
107 90 14
107 88 14
107 89 14
109 98 8
109 95 8
109 97 8
109 96 8
108 98 8
108 95 8
108 97 8
108 96 8
110 98 8
110 95 8
110 97 8
110 96 8
107 98 8
107 95 8
107 97 8
107 96 8
109 63 0
109 64 0
109 66 0
109 65 0
108 63 0
108 64 0
108 66 0
108 65 0
110 63 0
110 64 0
110 66 0
110 65 0
107 63 0
107 64 0
107 66 0
107 65 0
