0 1110 1;0.01
1 1514 1;0.01
4 5 1;0.01
5 774 1;0.01
5 774 1;0.01
5 8 1;0.01
5 8 1;0.01
6 8 1;0.01
7 8 1;0.01
11 16 1;0.01
12 13 1;0.01
13 16 1;0.01
14 16 1;0.01
15 16 1;0.01
16 841 1;0.01
18 1526 1;0.01
21 29 1;0.01
22 29 1;0.01
23 29 1;0.01
24 29 1;0.01
25 29 1;0.01
26 29 1;0.01
27 29 1;0.01
28 29 1;0.01
29 1514 1;0.01
29 1514 1;0.01
29 1514 1;0.01
30 31 1;0.01
31 841 1;0.01
36 1281 1;0.01
37 1514 1;0.01
37 38 1;0.01
40 59 1;0.01
40 59 1;0.01
40 59 1;0.01
41 60 1;0.01
41 60 1;0.01
41 60 1;0.01
41 60 1;0.01
41 60 1;0.01
41 60 1;0.01
42 57 1;0.01
42 59 1;0.01
42 59 1;0.01
43 60 1;0.01
43 60 1;0.01
43 60 1;0.01
43 60 1;0.01
44 59 1;0.01
44 59 1;0.01
44 59 1;0.01
45 60 1;0.01
45 60 1;0.01
45 60 1;0.01
45 60 1;0.01
45 60 1;0.01
45 60 1;0.01
46 59 1;0.01
46 59 1;0.01
46 59 1;0.01
47 60 1;0.01
47 60 1;0.01
47 60 1;0.01
47 60 1;0.01
47 60 1;0.01
48 59 1;0.01
48 59 1;0.01
48 59 1;0.01
49 60 1;0.01
49 60 1;0.01
49 60 1;0.01
49 60 1;0.01
49 60 1;0.01
50 59 1;0.01
50 59 1;0.01
50 59 1;0.01
51 60 1;0.01
51 60 1;0.01
51 60 1;0.01
51 60 1;0.01
51 60 1;0.01
52 59 1;0.01
52 59 1;0.01
52 59 1;0.01
53 60 1;0.01
53 60 1;0.01
53 60 1;0.01
53 60 1;0.01
53 60 1;0.01
54 774 1;0.01
55 59 1;0.01
55 59 1;0.01
55 59 1;0.01
56 60 1;0.01
56 60 1;0.01
56 60 1;0.01
56 60 1;0.01
56 60 1;0.01
57 59 1;0.01
57 59 1;0.01
57 59 1;0.01
58 60 1;0.01
58 60 1;0.01
58 60 1;0.01
59 713 1;0.01
59 61 1;0.01
59 64 1;0.01
59 713 1;0.01
59 61 1;0.01
59 64 1;0.01
59 713 1;0.01
59 61 1;0.01
59 64 1;0.01
60 63 1;0.01
60 65 1;0.01
60 63 1;0.01
60 65 1;0.01
60 63 1;0.01
60 63 1;0.01
60 65 1;0.01
60 63 1;0.01
60 1514 1;0.01
60 774 1;0.01
62 63 1;0.01
62 63 1;0.01
62 63 1;0.01
69 522 1;0.01
71 1514 1;0.01
71 72 1;0.01
73 75 1;0.01
74 75 1;0.01
75 1514 1;0.01
75 1514 1;0.01
75 1514 1;0.01
75 76 1;0.01
75 78 1;0.01
75 77 1;0.01
80 82 1;0.01
81 82 1;0.01
82 86 1;0.01
83 85 1;0.01
84 85 1;0.01
85 86 1;0.01
86 88 1;0.01
86 87 1;0.01
86 88 1;0.01
86 88 1;0.01
86 774 1;0.01
89 774 1;0.01
89 90 1;0.01
91 94 1;0.01
92 94 1;0.01
93 94 1;0.01
94 98 1;0.01
94 98 1;0.01
94 98 1;0.01
95 97 1;0.01
96 97 1;0.01
97 98 1;0.01
97 98 1;0.01
97 98 1;0.01
98 774 1;0.01
98 100 1;0.01
98 104 1;0.01
98 107 1;0.01
98 774 1;0.01
98 774 1;0.01
98 100 1;0.01
98 104 1;0.01
98 107 1;0.01
98 112 1;0.01
98 100 1;0.01
98 104 1;0.01
98 107 1;0.01
98 112 1;0.01
99 100 1;0.01
101 104 1;0.01
102 104 1;0.01
103 104 1;0.01
105 107 1;0.01
106 107 1;0.01
108 112 1;0.01
109 112 1;0.01
110 112 1;0.01
111 112 1;0.01
113 123 1;0.01
114 117 1;0.01
115 117 1;0.01
116 117 1;0.01
117 123 1;0.01
117 123 1;0.01
118 123 1;0.01
119 123 1;0.01
120 123 1;0.01
121 123 1;0.01
122 123 1;0.01
123 1514 1;0.01
123 139 1;0.01
123 144 1;0.01
123 127 1;0.01
123 130 1;0.01
123 135 1;0.01
123 139 1;0.01
123 144 1;0.01
123 127 1;0.01
123 130 1;0.01
123 131 1;0.01
123 133 1;0.01
123 139 1;0.01
123 144 1;0.01
123 124 1;0.01
123 127 1;0.01
123 130 1;0.01
123 132 1;0.01
123 135 1;0.01
123 136 1;0.01
123 1514 1;0.01
123 1514 1;0.01
125 127 1;0.01
126 127 1;0.01
128 130 1;0.01
129 130 1;0.01
133 134 1;0.01
137 139 1;0.01
138 139 1;0.01
140 144 1;0.01
141 144 1;0.01
142 144 1;0.01
143 144 1;0.01
146 147 1;0.01
147 1514 1;0.01
147 156 1;0.01
147 1611 1;0.01
147 1514 1;0.01
147 1514 1;0.01
147 148 1;0.01
147 156 1;0.01
147 1612 1;0.01
147 1611 1;0.01
147 1615 1;0.01
147 149 1;0.01
147 156 1;0.01
147 1613 1;0.01
147 1611 1;0.01
147 1616 1;0.01
147 150 1;0.01
147 1617 1;0.01
147 1614 1;0.01
151 156 1;0.01
152 156 1;0.01
153 156 1;0.01
154 156 1;0.01
155 156 1;0.01
157 1514 1;0.01
158 159 1;0.01
159 1514 1;0.01
159 1514 1;0.01
159 1514 1;0.01
159 1551 1;0.01
159 724 1;0.01
159 1276 1;0.01
159 1188 1;0.01
159 639 1;0.01
159 1173 1;0.01
159 1276 1;0.01
159 1188 1;0.01
160 332 1;0.01
161 332 1;0.01
167 1514 1;0.01
168 170 1;0.01
169 170 1;0.01
170 1641 1;0.01
170 1642 1;0.01
170 1643 1;0.01
170 1644 1;0.01
170 1645 1;0.01
170 171 1;0.01
170 1526 1;0.01
170 1526 1;0.01
172 175 1;0.01
173 175 1;0.01
174 175 1;0.01
175 176 1;0.01
175 195 1;0.01
175 195 1;0.01
177 195 1;0.01
178 195 1;0.01
179 195 1;0.01
180 185 1;0.01
181 185 1;0.01
182 185 1;0.01
183 185 1;0.01
184 185 1;0.01
185 195 1;0.01
185 195 1;0.01
186 195 1;0.01
187 195 1;0.01
188 195 1;0.01
189 191 1;0.01
190 191 1;0.01
191 195 1;0.01
191 195 1;0.01
192 195 1;0.01
192 195 1;0.01
193 199 1;0.01
193 199 1;0.01
194 195 1;0.01
195 774 1;0.01
195 199 1;0.01
195 200 1;0.01
195 201 1;0.01
195 199 1;0.01
195 199 1;0.01
195 774 1;0.01
195 774 1;0.01
196 199 1;0.01
197 199 1;0.01
198 199 1;0.01
202 1514 1;0.01
204 209 1;0.01
205 209 1;0.01
206 209 1;0.01
207 209 1;0.01
208 209 1;0.01
209 213 1;0.01
209 213 1;0.01
210 213 1;0.01
211 213 1;0.01
212 213 1;0.01
213 332 1;0.01
213 332 1;0.01
213 217 1;0.01
213 249 1;0.01
213 217 1;0.01
213 249 1;0.01
214 217 1;0.01
215 217 1;0.01
216 217 1;0.01
218 223 1;0.01
219 223 1;0.01
220 223 1;0.01
221 223 1;0.01
222 223 1;0.01
223 332 1;0.01
223 332 1;0.01
223 244 1;0.01
223 235 1;0.01
223 225 1;0.01
223 244 1;0.01
223 235 1;0.01
223 224 1;0.01
226 235 1;0.01
227 235 1;0.01
228 235 1;0.01
229 235 1;0.01
230 235 1;0.01
231 235 1;0.01
232 235 1;0.01
233 235 1;0.01
234 235 1;0.01
236 244 1;0.01
237 244 1;0.01
238 244 1;0.01
239 244 1;0.01
240 244 1;0.01
241 244 1;0.01
242 244 1;0.01
243 244 1;0.01
245 249 1;0.01
246 249 1;0.01
247 249 1;0.01
248 249 1;0.01
253 1514 1;0.01
254 262 1;0.01
255 262 1;0.01
256 262 1;0.01
257 262 1;0.01
258 262 1;0.01
259 262 1;0.01
260 262 1;0.01
261 262 1;0.01
262 841 1;0.01
262 841 1;0.01
264 347 1;0.01
264 346 1;0.01
266 1309 1;0.01
267 841 1;0.01
268 845 1;0.01
269 270 1;0.01
270 271 1;0.01
270 272 1;0.01
270 273 1;0.01
270 274 1;0.01
275 774 1;0.01
276 288 1;0.01
277 288 1;0.01
278 288 1;0.01
279 288 1;0.01
280 288 1;0.01
281 288 1;0.01
282 288 1;0.01
283 288 1;0.01
284 288 1;0.01
285 288 1;0.01
286 288 1;0.01
287 288 1;0.01
288 774 1;0.01
288 774 1;0.01
288 774 1;0.01
289 1514 1;0.01
290 845 1;0.01
291 296 1;0.01
292 296 1;0.01
293 296 1;0.01
294 296 1;0.01
295 296 1;0.01
296 1514 1;0.01
297 307 1;0.01
298 307 1;0.01
299 307 1;0.01
300 307 1;0.01
301 307 1;0.01
302 307 1;0.01
303 307 1;0.01
304 307 1;0.01
305 307 1;0.01
306 307 1;0.01
307 774 1;0.01
307 774 1;0.01
307 308 1;0.01
307 310 1;0.01
307 313 1;0.01
307 309 1;0.01
307 311 1;0.01
307 312 1;0.01
314 330 1;0.01
315 330 1;0.01
316 330 1;0.01
317 330 1;0.01
318 330 1;0.01
319 330 1;0.01
320 330 1;0.01
321 330 1;0.01
322 330 1;0.01
323 330 1;0.01
324 330 1;0.01
325 330 1;0.01
326 330 1;0.01
327 330 1;0.01
328 330 1;0.01
329 332 1;0.01
330 332 1;0.01
330 332 1;0.01
330 332 1;0.01
330 1492 1;0.01
330 342 1;0.01
330 343 1;0.01
330 344 1;0.01
330 334 1;0.01
330 338 1;0.01
330 335 1;0.01
330 339 1;0.01
330 336 1;0.01
330 340 1;0.01
330 337 1;0.01
330 341 1;0.01
331 332 1;0.01
331 332 1;0.01
331 773 1;0.01
332 1486 1;0.01
332 1008 1;0.01
332 1377 1;0.01
332 1590 1;0.01
332 537 1;0.01
332 1588 1;0.01
332 1486 1;0.01
332 987 1;0.01
332 1032 1;0.01
332 601 1;0.01
332 628 1;0.01
332 681 1;0.01
332 1088 1;0.01
332 1008 1;0.01
332 1202 1;0.01
332 349 1;0.01
332 1379 1;0.01
332 348 1;0.01
332 1340 1;0.01
332 1201 1;0.01
332 1377 1;0.01
332 1590 1;0.01
332 537 1;0.01
332 1588 1;0.01
332 1486 1;0.01
332 987 1;0.01
332 1032 1;0.01
332 601 1;0.01
332 628 1;0.01
332 681 1;0.01
332 1088 1;0.01
332 1008 1;0.01
332 867 1;0.01
332 1200 1;0.01
332 774 1;0.01
332 1514 1;0.01
332 774 1;0.01
332 1514 1;0.01
332 774 1;0.01
332 566 1;0.01
332 1514 1;0.01
345 774 1;0.01
350 352 1;0.01
351 352 1;0.01
352 1385 1;0.01
352 1514 1;0.01
352 1385 1;0.01
352 1385 1;0.01
353 1514 1;0.01
353 354 1;0.01
355 357 1;0.01
356 357 1;0.01
357 491 1;0.01
357 491 1;0.01
357 491 1;0.01
358 362 1;0.01
359 362 1;0.01
360 362 1;0.01
361 362 1;0.01
362 491 1;0.01
362 491 1;0.01
362 491 1;0.01
363 400 1;0.01
364 382 1;0.01
365 383 1;0.01
366 384 1;0.01
367 385 1;0.01
368 386 1;0.01
369 388 1;0.01
370 471 1;0.01
371 394 1;0.01
372 387 1;0.01
373 395 1;0.01
375 397 1;0.01
376 398 1;0.01
377 399 1;0.01
378 401 1;0.01
379 402 1;0.01
380 453 1;0.01
380 381 1;0.01
382 472 1;0.01
382 472 1;0.01
382 472 1;0.01
382 472 1;0.01
382 472 1;0.01
383 471 1;0.01
384 471 1;0.01
385 471 1;0.01
386 471 1;0.01
387 471 1;0.01
388 471 1;0.01
389 471 1;0.01
390 471 1;0.01
391 392 1;0.01
391 471 1;0.01
393 471 1;0.01
393 471 1;0.01
393 471 1;0.01
394 471 1;0.01
395 471 1;0.01
396 471 1;0.01
397 471 1;0.01
397 471 1;0.01
397 471 1;0.01
398 471 1;0.01
398 471 1;0.01
398 471 1;0.01
399 471 1;0.01
400 471 1;0.01
400 469 1;0.01
400 469 1;0.01
400 469 1;0.01
400 471 1;0.01
400 471 1;0.01
401 471 1;0.01
401 471 1;0.01
402 471 1;0.01
402 469 1;0.01
402 469 1;0.01
402 469 1;0.01
402 471 1;0.01
402 471 1;0.01
403 471 1;0.01
403 469 1;0.01
403 469 1;0.01
403 469 1;0.01
403 471 1;0.01
403 471 1;0.01
404 471 1;0.01
404 471 1;0.01
404 471 1;0.01
405 471 1;0.01
405 471 1;0.01
405 471 1;0.01
406 471 1;0.01
406 471 1;0.01
406 471 1;0.01
407 1449 1;0.01
407 1449 1;0.01
407 1449 1;0.01
408 471 1;0.01
408 471 1;0.01
408 471 1;0.01
409 471 1;0.01
409 471 1;0.01
409 471 1;0.01
410 471 1;0.01
410 471 1;0.01
410 471 1;0.01
411 471 1;0.01
411 471 1;0.01
411 471 1;0.01
412 471 1;0.01
412 471 1;0.01
412 471 1;0.01
413 471 1;0.01
413 471 1;0.01
413 471 1;0.01
414 471 1;0.01
414 469 1;0.01
414 469 1;0.01
414 469 1;0.01
414 471 1;0.01
414 471 1;0.01
415 471 1;0.01
415 471 1;0.01
415 471 1;0.01
416 471 1;0.01
416 471 1;0.01
416 471 1;0.01
417 491 1;0.01
417 491 1;0.01
417 491 1;0.01
418 471 1;0.01
418 469 1;0.01
418 469 1;0.01
418 469 1;0.01
418 471 1;0.01
418 471 1;0.01
419 471 1;0.01
419 471 1;0.01
419 471 1;0.01
420 471 1;0.01
420 471 1;0.01
420 471 1;0.01
421 471 1;0.01
421 471 1;0.01
421 471 1;0.01
422 471 1;0.01
423 474 1;0.01
423 475 1;0.01
424 474 1;0.01
425 475 1;0.01
425 426 1;0.01
426 474 1;0.01
427 475 1;0.01
427 428 1;0.01
428 474 1;0.01
429 475 1;0.01
429 430 1;0.01
430 474 1;0.01
431 475 1;0.01
431 432 1;0.01
432 474 1;0.01
433 475 1;0.01
433 434 1;0.01
434 474 1;0.01
435 475 1;0.01
435 436 1;0.01
436 474 1;0.01
437 475 1;0.01
437 438 1;0.01
438 474 1;0.01
439 475 1;0.01
439 440 1;0.01
440 474 1;0.01
441 474 1;0.01
441 442 1;0.01
442 475 1;0.01
443 475 1;0.01
443 444 1;0.01
444 474 1;0.01
445 475 1;0.01
445 446 1;0.01
446 474 1;0.01
447 475 1;0.01
447 448 1;0.01
448 474 1;0.01
449 475 1;0.01
449 450 1;0.01
450 474 1;0.01
451 475 1;0.01
451 452 1;0.01
452 474 1;0.01
453 475 1;0.01
453 454 1;0.01
454 474 1;0.01
455 475 1;0.01
455 456 1;0.01
456 474 1;0.01
457 475 1;0.01
457 458 1;0.01
458 474 1;0.01
459 475 1;0.01
459 460 1;0.01
460 474 1;0.01
461 475 1;0.01
461 462 1;0.01
462 474 1;0.01
463 475 1;0.01
463 464 1;0.01
464 474 1;0.01
465 475 1;0.01
465 466 1;0.01
466 474 1;0.01
467 468 1;0.01
467 474 1;0.01
467 468 1;0.01
467 468 1;0.01
468 475 1;0.01
469 470 1;0.01
469 474 1;0.01
469 470 1;0.01
469 470 1;0.01
470 475 1;0.01
471 491 1;0.01
471 472 1;0.01
471 473 1;0.01
471 472 1;0.01
471 473 1;0.01
472 958 1;0.01
472 958 1;0.01
472 841 1;0.01
472 473 1;0.01
472 474 1;0.01
473 774 1;0.01
473 475 1;0.01
475 902 1;0.01
476 491 1;0.01
477 491 1;0.01
478 491 1;0.01
479 491 1;0.01
480 491 1;0.01
481 491 1;0.01
482 491 1;0.01
483 491 1;0.01
484 491 1;0.01
485 491 1;0.01
486 491 1;0.01
487 491 1;0.01
488 491 1;0.01
489 491 1;0.01
490 491 1;0.01
491 841 1;0.01
491 841 1;0.01
491 841 1;0.01
492 497 1;0.01
493 497 1;0.01
494 497 1;0.01
495 497 1;0.01
496 497 1;0.01
497 774 1;0.01
497 774 1;0.01
497 499 1;0.01
497 498 1;0.01
500 511 1;0.01
501 511 1;0.01
502 511 1;0.01
503 511 1;0.01
504 511 1;0.01
505 511 1;0.01
506 511 1;0.01
506 510 1;0.01
507 511 1;0.01
508 511 1;0.01
509 511 1;0.01
511 1514 1;0.01
511 1514 1;0.01
511 512 1;0.01
513 1514 1;0.01
513 514 1;0.01
515 521 1;0.01
516 521 1;0.01
517 521 1;0.01
518 521 1;0.01
519 521 1;0.01
520 521 1;0.01
521 774 1;0.01
521 774 1;0.01
521 774 1;0.01
522 841 1;0.01
523 537 1;0.01
524 537 1;0.01
525 537 1;0.01
526 537 1;0.01
527 538 1;0.01
528 537 1;0.01
529 537 1;0.01
530 537 1;0.01
531 537 1;0.01
532 537 1;0.01
533 537 1;0.01
534 538 1;0.01
535 538 1;0.01
536 538 1;0.01
537 538 1;0.01
537 538 1;0.01
537 545 1;0.01
537 546 1;0.01
537 538 1;0.01
537 551 1;0.01
537 550 1;0.01
537 547 1;0.01
537 548 1;0.01
537 552 1;0.01
537 553 1;0.01
537 554 1;0.01
537 555 1;0.01
537 556 1;0.01
537 557 1;0.01
537 558 1;0.01
537 559 1;0.01
537 560 1;0.01
537 561 1;0.01
537 541 1;0.01
537 540 1;0.01
538 542 1;0.01
538 543 1;0.01
538 544 1;0.01
538 539 1;0.01
538 549 1;0.01
562 1514 1;0.01
562 563 1;0.01
563 569 1;0.01
564 566 1;0.01
564 566 1;0.01
564 566 1;0.01
565 566 1;0.01
565 566 1;0.01
565 566 1;0.01
568 774 1;0.01
570 574 1;0.01
571 574 1;0.01
572 574 1;0.01
573 574 1;0.01
574 1514 1;0.01
575 601 1;0.01
576 601 1;0.01
577 601 1;0.01
578 601 1;0.01
579 601 1;0.01
580 601 1;0.01
581 601 1;0.01
582 601 1;0.01
583 601 1;0.01
584 601 1;0.01
585 601 1;0.01
586 601 1;0.01
587 601 1;0.01
588 601 1;0.01
589 601 1;0.01
590 601 1;0.01
591 601 1;0.01
592 601 1;0.01
593 601 1;0.01
594 601 1;0.01
595 601 1;0.01
596 601 1;0.01
597 601 1;0.01
598 601 1;0.01
599 601 1;0.01
600 601 1;0.01
602 611 1;0.01
603 611 1;0.01
604 611 1;0.01
605 611 1;0.01
606 611 1;0.01
607 611 1;0.01
608 611 1;0.01
609 611 1;0.01
610 611 1;0.01
611 628 1;0.01
611 628 1;0.01
612 618 1;0.01
613 618 1;0.01
614 618 1;0.01
615 618 1;0.01
616 618 1;0.01
617 618 1;0.01
618 628 1;0.01
618 628 1;0.01
619 625 1;0.01
620 625 1;0.01
621 625 1;0.01
622 625 1;0.01
623 625 1;0.01
624 625 1;0.01
625 628 1;0.01
625 628 1;0.01
626 628 1;0.01
627 628 1;0.01
629 634 1;0.01
630 634 1;0.01
631 634 1;0.01
632 634 1;0.01
633 634 1;0.01
634 638 1;0.01
634 638 1;0.01
635 638 1;0.01
636 638 1;0.01
637 638 1;0.01
638 1514 1;0.01
638 1514 1;0.01
638 1514 1;0.01
640 774 1;0.01
640 641 1;0.01
642 1526 1;0.01
643 1526 1;0.01
644 1514 1;0.01
645 1449 1;0.01
646 1449 1;0.01
647 649 1;0.01
648 649 1;0.01
649 1449 1;0.01
649 1449 1;0.01
650 1449 1;0.01
651 657 1;0.01
652 657 1;0.01
653 657 1;0.01
654 657 1;0.01
655 657 1;0.01
656 657 1;0.01
657 681 1;0.01
657 681 1;0.01
658 681 1;0.01
659 681 1;0.01
660 681 1;0.01
661 681 1;0.01
663 681 1;0.01
664 681 1;0.01
665 681 1;0.01
666 681 1;0.01
667 681 1;0.01
668 674 1;0.01
669 674 1;0.01
670 674 1;0.01
671 674 1;0.01
672 674 1;0.01
673 674 1;0.01
674 681 1;0.01
674 681 1;0.01
675 681 1;0.01
676 681 1;0.01
677 681 1;0.01
678 681 1;0.01
678 679 1;0.01
679 681 1;0.01
680 681 1;0.01
681 1566 1;0.01
682 1512 1;0.01
682 774 1;0.01
685 688 1;0.01
686 688 1;0.01
687 688 1;0.01
688 1514 1;0.01
689 694 1;0.01
690 694 1;0.01
691 694 1;0.01
692 694 1;0.01
693 694 1;0.01
694 703 1;0.01
694 703 1;0.01
695 698 1;0.01
696 698 1;0.01
697 698 1;0.01
698 703 1;0.01
698 703 1;0.01
699 703 1;0.01
700 703 1;0.01
701 703 1;0.01
702 703 1;0.01
703 841 1;0.01
703 841 1;0.01
703 841 1;0.01
704 708 1;0.01
705 708 1;0.01
706 708 1;0.01
707 708 1;0.01
708 774 1;0.01
709 711 1;0.01
709 1514 1;0.01
709 1514 1;0.01
713 1515 1;0.01
713 775 1;0.01
713 1514 1;0.01
713 774 1;0.01
713 1515 1;0.01
713 1514 1;0.01
713 1519 1;0.01
713 775 1;0.01
713 774 1;0.01
714 717 1;0.01
715 717 1;0.01
716 717 1;0.01
717 718 1;0.01
717 841 1;0.01
719 721 1;0.01
720 721 1;0.01
721 723 1;0.01
721 723 1;0.01
722 723 1;0.01
723 841 1;0.01
725 808 1;0.01
726 740 1;0.01
726 740 1;0.01
727 733 1;0.01
728 733 1;0.01
729 733 1;0.01
730 733 1;0.01
731 733 1;0.01
732 733 1;0.01
733 740 1;0.01
733 740 1;0.01
734 740 1;0.01
735 740 1;0.01
736 740 1;0.01
737 740 1;0.01
738 740 1;0.01
739 740 1;0.01
740 1514 1;0.01
740 1514 1;0.01
742 1514 1;0.01
743 745 1;0.01
744 745 1;0.01
745 768 1;0.01
745 768 1;0.01
746 749 1;0.01
747 749 1;0.01
748 749 1;0.01
749 768 1;0.01
749 768 1;0.01
750 756 1;0.01
751 756 1;0.01
752 756 1;0.01
753 756 1;0.01
754 756 1;0.01
755 756 1;0.01
756 768 1;0.01
756 768 1;0.01
757 758 1;0.01
758 768 1;0.01
759 764 1;0.01
760 764 1;0.01
761 764 1;0.01
762 764 1;0.01
763 764 1;0.01
764 768 1;0.01
764 768 1;0.01
765 768 1;0.01
766 768 1;0.01
767 768 1;0.01
768 841 1;0.01
768 841 1;0.01
768 841 1;0.01
770 777 1;0.01
771 774 1;0.01
772 774 1;0.01
772 774 1;0.01
773 774 1;0.01
773 840 1;0.01
773 774 1;0.01
774 958 1;0.01
774 1054 1;0.01
774 1167 1;0.01
774 992 1;0.01
774 1133 1;0.01
774 1526 1;0.01
774 958 1;0.01
774 1054 1;0.01
774 1167 1;0.01
774 992 1;0.01
774 1133 1;0.01
774 1526 1;0.01
774 958 1;0.01
774 997 1;0.01
774 1067 1;0.01
774 1404 1;0.01
774 777 1;0.01
774 852 1;0.01
774 1012 1;0.01
774 1341 1;0.01
774 1281 1;0.01
774 809 1;0.01
774 1389 1;0.01
774 841 1;0.01
774 841 1;0.01
774 822 1;0.01
774 1295 1;0.01
774 841 1;0.01
774 961 1;0.01
775 1515 1;0.01
777 778 1;0.01
778 779 1;0.01
780 795 1;0.01
781 795 1;0.01
782 784 1;0.01
783 784 1;0.01
784 795 1;0.01
784 795 1;0.01
785 795 1;0.01
786 795 1;0.01
787 795 1;0.01
788 795 1;0.01
789 791 1;0.01
790 791 1;0.01
791 795 1;0.01
791 795 1;0.01
792 795 1;0.01
793 795 1;0.01
794 795 1;0.01
795 1514 1;0.01
795 806 1;0.01
795 1514 1;0.01
795 1514 1;0.01
795 811 1;0.01
795 796 1;0.01
795 806 1;0.01
795 801 1;0.01
795 810 1;0.01
795 797 1;0.01
795 802 1;0.01
795 798 1;0.01
795 799 1;0.01
795 803 1;0.01
795 800 1;0.01
795 806 1;0.01
801 807 1;0.01
809 1512 1;0.01
812 841 1;0.01
815 821 1;0.01
815 822 1;0.01
816 821 1;0.01
816 822 1;0.01
817 821 1;0.01
817 822 1;0.01
818 822 1;0.01
818 821 1;0.01
819 821 1;0.01
819 822 1;0.01
820 821 1;0.01
820 822 1;0.01
821 1514 1;0.01
821 822 1;0.01
821 1514 1;0.01
823 824 1;0.01
828 836 1;0.01
828 836 1;0.01
829 845 1;0.01
830 845 1;0.01
831 845 1;0.01
832 836 1;0.01
833 836 1;0.01
834 836 1;0.01
835 836 1;0.01
836 845 1;0.01
836 845 1;0.01
837 841 1;0.01
838 841 1;0.01
838 841 1;0.01
839 841 1;0.01
839 841 1;0.01
840 841 1;0.01
840 841 1;0.01
840 1513 1;0.01
841 1328 1;0.01
841 1244 1;0.01
841 1620 1;0.01
841 1258 1;0.01
841 845 1;0.01
841 1108 1;0.01
841 1010 1;0.01
841 1328 1;0.01
841 1244 1;0.01
841 1620 1;0.01
841 1258 1;0.01
841 845 1;0.01
841 1095 1;0.01
841 1198 1;0.01
841 1554 1;0.01
841 1180 1;0.01
841 1208 1;0.01
841 1342 1;0.01
841 1346 1;0.01
841 1034 1;0.01
841 1294 1;0.01
841 1315 1;0.01
841 1316 1;0.01
841 1318 1;0.01
841 1528 1;0.01
841 1537 1;0.01
841 1110 1;0.01
841 1514 1;0.01
841 1514 1;0.01
841 1514 1;0.01
841 961 1;0.01
843 845 1;0.01
844 845 1;0.01
845 846 1;0.01
845 847 1;0.01
845 848 1;0.01
845 1547 1;0.01
845 1546 1;0.01
845 1548 1;0.01
845 1549 1;0.01
848 849 1;0.01
850 852 1;0.01
851 852 1;0.01
852 853 1;0.01
852 854 1;0.01
852 855 1;0.01
856 863 1;0.01
856 857 1;0.01
857 858 1;0.01
858 859 1;0.01
859 860 1;0.01
860 861 1;0.01
861 862 1;0.01
863 961 1;0.01
863 961 1;0.01
863 961 1;0.01
864 867 1;0.01
864 867 1;0.01
864 867 1;0.01
864 867 1;0.01
864 867 1;0.01
865 867 1;0.01
865 867 1;0.01
865 867 1;0.01
865 867 1;0.01
865 867 1;0.01
867 868 1;0.01
867 868 1;0.01
867 1514 1;0.01
867 868 1;0.01
869 872 1;0.01
870 872 1;0.01
871 872 1;0.01
872 888 1;0.01
872 882 1;0.01
872 882 1;0.01
872 882 1;0.01
872 888 1;0.01
872 888 1;0.01
873 876 1;0.01
874 876 1;0.01
875 876 1;0.01
876 888 1;0.01
876 888 1;0.01
876 888 1;0.01
877 881 1;0.01
878 881 1;0.01
879 881 1;0.01
880 881 1;0.01
881 888 1;0.01
881 888 1;0.01
881 888 1;0.01
883 888 1;0.01
884 888 1;0.01
885 888 1;0.01
886 888 1;0.01
887 888 1;0.01
888 907 1;0.01
888 907 1;0.01
888 1514 1;0.01
888 1514 1;0.01
889 900 1;0.01
889 900 1;0.01
889 900 1;0.01
889 900 1;0.01
889 901 1;0.01
889 901 1;0.01
889 901 1;0.01
889 901 1;0.01
889 961 1;0.01
889 961 1;0.01
889 961 1;0.01
889 961 1;0.01
890 958 1;0.01
890 958 1;0.01
890 958 1;0.01
891 958 1;0.01
891 958 1;0.01
891 958 1;0.01
892 958 1;0.01
892 958 1;0.01
892 958 1;0.01
893 903 1;0.01
893 903 1;0.01
893 903 1;0.01
894 903 1;0.01
894 903 1;0.01
894 903 1;0.01
895 903 1;0.01
895 903 1;0.01
895 903 1;0.01
896 903 1;0.01
896 903 1;0.01
896 903 1;0.01
897 903 1;0.01
897 903 1;0.01
897 903 1;0.01
898 958 1;0.01
898 958 1;0.01
898 958 1;0.01
899 958 1;0.01
899 958 1;0.01
899 958 1;0.01
903 1514 1;0.01
903 1514 1;0.01
903 1514 1;0.01
905 907 1;0.01
906 907 1;0.01
909 933 1;0.01
910 933 1;0.01
911 933 1;0.01
912 933 1;0.01
913 933 1;0.01
914 958 1;0.01
915 959 1;0.01
916 933 1;0.01
916 933 1;0.01
916 933 1;0.01
916 933 1;0.01
916 933 1;0.01
916 933 1;0.01
916 933 1;0.01
916 933 1;0.01
918 960 1;0.01
919 960 1;0.01
920 934 1;0.01
921 934 1;0.01
922 934 1;0.01
923 934 1;0.01
924 934 1;0.01
925 934 1;0.01
926 934 1;0.01
927 934 1;0.01
928 961 1;0.01
929 932 1;0.01
930 961 1;0.01
931 961 1;0.01
932 958 1;0.01
932 958 1;0.01
933 934 1;0.01
933 944 1;0.01
933 946 1;0.01
933 934 1;0.01
933 934 1;0.01
933 959 1;0.01
933 961 1;0.01
934 961 1;0.01
935 959 1;0.01
936 958 1;0.01
936 937 1;0.01
937 938 1;0.01
939 958 1;0.01
940 959 1;0.01
941 959 1;0.01
942 959 1;0.01
943 959 1;0.01
945 959 1;0.01
947 958 1;0.01
947 958 1;0.01
947 958 1;0.01
948 960 1;0.01
949 960 1;0.01
950 960 1;0.01
951 960 1;0.01
952 960 1;0.01
959 960 1;0.01
959 960 1;0.01
959 960 1;0.01
959 961 1;0.01
960 961 1;0.01
960 961 1;0.01
960 961 1;0.01
961 962 1;0.01
961 962 1;0.01
961 1443 1;0.01
961 962 1;0.01
961 1441 1;0.01
963 987 1;0.01
964 987 1;0.01
965 987 1;0.01
966 987 1;0.01
967 987 1;0.01
968 987 1;0.01
969 987 1;0.01
970 987 1;0.01
971 987 1;0.01
972 987 1;0.01
973 987 1;0.01
974 987 1;0.01
975 987 1;0.01
976 987 1;0.01
977 987 1;0.01
978 987 1;0.01
979 987 1;0.01
980 987 1;0.01
981 987 1;0.01
982 987 1;0.01
983 987 1;0.01
984 987 1;0.01
985 987 1;0.01
986 987 1;0.01
988 992 1;0.01
989 992 1;0.01
990 992 1;0.01
991 992 1;0.01
992 993 1;0.01
992 994 1;0.01
992 996 1;0.01
995 996 1;0.01
997 998 1;0.01
999 1007 1;0.01
999 1008 1;0.01
1000 1007 1;0.01
1000 1008 1;0.01
1001 1007 1;0.01
1001 1008 1;0.01
1002 1007 1;0.01
1002 1008 1;0.01
1003 1007 1;0.01
1003 1008 1;0.01
1004 1007 1;0.01
1004 1008 1;0.01
1005 1007 1;0.01
1005 1008 1;0.01
1006 1007 1;0.01
1006 1008 1;0.01
1007 1514 1;0.01
1007 1008 1;0.01
1007 1514 1;0.01
1007 1514 1;0.01
1007 1008 1;0.01
1007 1008 1;0.01
1009 1011 1;0.01
1010 1011 1;0.01
1012 1013 1;0.01
1014 1021 1;0.01
1015 1021 1;0.01
1016 1021 1;0.01
1017 1021 1;0.01
1018 1021 1;0.01
1019 1021 1;0.01
1020 1021 1;0.01
1021 1032 1;0.01
1021 1032 1;0.01
1022 1029 1;0.01
1023 1029 1;0.01
1023 1024 1;0.01
1024 1029 1;0.01
1024 1025 1;0.01
1025 1029 1;0.01
1025 1026 1;0.01
1026 1029 1;0.01
1026 1027 1;0.01
1027 1029 1;0.01
1027 1028 1;0.01
1028 1029 1;0.01
1029 1032 1;0.01
1029 1032 1;0.01
1030 1032 1;0.01
1031 1032 1;0.01
1033 1034 1;0.01
1034 1040 1;0.01
1034 1041 1;0.01
1034 1035 1;0.01
1034 1039 1;0.01
1034 1039 1;0.01
1038 1039 1;0.01
1042 1054 1;0.01
1042 1054 1;0.01
1042 1054 1;0.01
1043 1046 1;0.01
1044 1046 1;0.01
1045 1046 1;0.01
1046 1054 1;0.01
1046 1054 1;0.01
1046 1054 1;0.01
1047 1054 1;0.01
1048 1051 1;0.01
1049 1051 1;0.01
1050 1051 1;0.01
1051 1054 1;0.01
1051 1054 1;0.01
1051 1054 1;0.01
1052 1054 1;0.01
1053 1054 1;0.01
1055 1061 1;0.01
1056 1061 1;0.01
1057 1061 1;0.01
1058 1061 1;0.01
1059 1061 1;0.01
1060 1061 1;0.01
1061 1514 1;0.01
1061 1514 1;0.01
1061 1514 1;0.01
1061 1062 1;0.01
1063 1526 1;0.01
1063 1064 1;0.01
1065 1067 1;0.01
1066 1067 1;0.01
1068 1088 1;0.01
1069 1088 1;0.01
1070 1088 1;0.01
1071 1088 1;0.01
1072 1088 1;0.01
1073 1088 1;0.01
1074 1088 1;0.01
1075 1088 1;0.01
1076 1088 1;0.01
1077 1088 1;0.01
1078 1088 1;0.01
1079 1088 1;0.01
1080 1088 1;0.01
1081 1088 1;0.01
1082 1088 1;0.01
1083 1088 1;0.01
1084 1088 1;0.01
1085 1088 1;0.01
1086 1088 1;0.01
1087 1088 1;0.01
1089 1094 1;0.01
1089 1094 1;0.01
1090 1094 1;0.01
1090 1094 1;0.01
1091 1094 1;0.01
1091 1094 1;0.01
1092 1094 1;0.01
1093 1094 1;0.01
1094 1514 1;0.01
1094 1514 1;0.01
1094 1514 1;0.01
1096 1103 1;0.01
1097 1103 1;0.01
1098 1103 1;0.01
1099 1103 1;0.01
1100 1103 1;0.01
1101 1103 1;0.01
1102 1103 1;0.01
1103 1514 1;0.01
1103 1514 1;0.01
1104 1108 1;0.01
1105 1108 1;0.01
1106 1108 1;0.01
1107 1108 1;0.01
1108 1109 1;0.01
1111 1118 1;0.01
1112 1118 1;0.01
1113 1118 1;0.01
1114 1115 1;0.01
1115 1118 1;0.01
1116 1118 1;0.01
1117 1118 1;0.01
1118 1133 1;0.01
1118 1133 1;0.01
1119 1122 1;0.01
1120 1122 1;0.01
1121 1122 1;0.01
1122 1123 1;0.01
1122 1133 1;0.01
1122 1133 1;0.01
1124 1129 1;0.01
1125 1129 1;0.01
1126 1129 1;0.01
1127 1129 1;0.01
1128 1129 1;0.01
1129 1133 1;0.01
1129 1133 1;0.01
1130 1133 1;0.01
1131 1133 1;0.01
1132 1133 1;0.01
1133 1134 1;0.01
1135 1514 1;0.01
1136 1144 1;0.01
1137 1144 1;0.01
1138 1144 1;0.01
1138 1156 1;0.01
1138 1147 1;0.01
1138 1150 1;0.01
1138 1153 1;0.01
1138 1154 1;0.01
1138 1155 1;0.01
1138 1156 1;0.01
1138 1156 1;0.01
1138 1144 1;0.01
1138 1144 1;0.01
1139 1144 1;0.01
1140 1144 1;0.01
1141 1144 1;0.01
1142 1144 1;0.01
1143 1144 1;0.01
1144 1514 1;0.01
1144 1514 1;0.01
1144 1514 1;0.01
1144 1157 1;0.01
1144 1158 1;0.01
1145 1156 1;0.01
1146 1156 1;0.01
1148 1156 1;0.01
1149 1156 1;0.01
1151 1156 1;0.01
1152 1156 1;0.01
1159 1160 1;0.01
1160 1167 1;0.01
1160 1167 1;0.01
1161 1165 1;0.01
1162 1165 1;0.01
1163 1165 1;0.01
1164 1165 1;0.01
1165 1167 1;0.01
1165 1167 1;0.01
1166 1167 1;0.01
1168 1514 1;0.01
1168 1169 1;0.01
1170 1514 1;0.01
1170 1171 1;0.01
1171 1172 1;0.01
1174 1177 1;0.01
1175 1177 1;0.01
1181 1186 1;0.01
1182 1186 1;0.01
1183 1186 1;0.01
1184 1186 1;0.01
1185 1186 1;0.01
1186 1514 1;0.01
1187 1188 1;0.01
1188 1189 1;0.01
1188 1191 1;0.01
1188 1190 1;0.01
1192 1198 1;0.01
1193 1198 1;0.01
1194 1198 1;0.01
1195 1198 1;0.01
1196 1198 1;0.01
1197 1198 1;0.01
1198 1199 1;0.01
1202 1203 1;0.01
1204 1206 1;0.01
1205 1514 1;0.01
1206 1514 1;0.01
1209 1402 1;0.01
1210 1219 1;0.01
1211 1219 1;0.01
1212 1219 1;0.01
1213 1219 1;0.01
1214 1219 1;0.01
1215 1219 1;0.01
1216 1219 1;0.01
1217 1219 1;0.01
1218 1219 1;0.01
1219 1244 1;0.01
1219 1244 1;0.01
1220 1222 1;0.01
1220 1222 1;0.01
1221 1222 1;0.01
1222 1223 1;0.01
1222 1244 1;0.01
1222 1244 1;0.01
1223 1244 1;0.01
1224 1228 1;0.01
1225 1228 1;0.01
1226 1228 1;0.01
1227 1228 1;0.01
1228 1229 1;0.01
1228 1230 1;0.01
1228 1244 1;0.01
1231 1244 1;0.01
1232 1244 1;0.01
1233 1237 1;0.01
1234 1237 1;0.01
1235 1237 1;0.01
1236 1237 1;0.01
1237 1244 1;0.01
1237 1244 1;0.01
1238 1244 1;0.01
1239 1242 1;0.01
1240 1242 1;0.01
1241 1242 1;0.01
1242 1244 1;0.01
1242 1244 1;0.01
1243 1244 1;0.01
1245 1514 1;0.01
1245 1246 1;0.01
1247 1258 1;0.01
1248 1258 1;0.01
1249 1258 1;0.01
1250 1258 1;0.01
1251 1258 1;0.01
1252 1258 1;0.01
1253 1258 1;0.01
1253 1254 1;0.01
1255 1258 1;0.01
1256 1258 1;0.01
1257 1258 1;0.01
1259 1276 1;0.01
1260 1276 1;0.01
1261 1276 1;0.01
1262 1276 1;0.01
1263 1276 1;0.01
1264 1276 1;0.01
1265 1276 1;0.01
1266 1276 1;0.01
1267 1276 1;0.01
1268 1276 1;0.01
1269 1276 1;0.01
1270 1276 1;0.01
1271 1276 1;0.01
1271 1276 1;0.01
1272 1276 1;0.01
1273 1276 1;0.01
1274 1276 1;0.01
1275 1276 1;0.01
1275 1277 1;0.01
1278 1281 1;0.01
1279 1281 1;0.01
1280 1281 1;0.01
1282 1324 1;0.01
1283 1324 1;0.01
1284 1324 1;0.01
1285 1324 1;0.01
1286 1324 1;0.01
1287 1324 1;0.01
1288 1324 1;0.01
1289 1324 1;0.01
1290 1324 1;0.01
1291 1324 1;0.01
1292 1324 1;0.01
1293 1465 1;0.01
1293 1465 1;0.01
1294 1309 1;0.01
1295 1298 1;0.01
1295 1308 1;0.01
1297 1308 1;0.01
1300 1309 1;0.01
1300 1309 1;0.01
1301 1309 1;0.01
1302 1309 1;0.01
1303 1308 1;0.01
1304 1308 1;0.01
1305 1308 1;0.01
1306 1309 1;0.01
1308 1311 1;0.01
1308 1312 1;0.01
1309 1310 1;0.01
1313 1315 1;0.01
1314 1315 1;0.01
1316 1317 1;0.01
1318 1319 1;0.01
1320 1324 1;0.01
1321 1324 1;0.01
1322 1324 1;0.01
1323 1324 1;0.01
1324 1514 1;0.01
1324 1514 1;0.01
1324 1514 1;0.01
1325 1328 1;0.01
1326 1328 1;0.01
1327 1328 1;0.01
1328 1338 1;0.01
1328 1332 1;0.01
1328 1337 1;0.01
1328 1339 1;0.01
1328 1332 1;0.01
1328 1337 1;0.01
1329 1332 1;0.01
1330 1332 1;0.01
1331 1332 1;0.01
1333 1337 1;0.01
1334 1337 1;0.01
1335 1337 1;0.01
1336 1337 1;0.01
1343 1346 1;0.01
1344 1346 1;0.01
1345 1346 1;0.01
1347 1348 1;0.01
1348 1349 1;0.01
1348 1350 1;0.01
1348 1351 1;0.01
1348 1352 1;0.01
1348 1590 1;0.01
1353 1377 1;0.01
1354 1377 1;0.01
1355 1377 1;0.01
1356 1377 1;0.01
1357 1377 1;0.01
1358 1377 1;0.01
1359 1377 1;0.01
1360 1377 1;0.01
1361 1377 1;0.01
1362 1377 1;0.01
1363 1377 1;0.01
1364 1377 1;0.01
1365 1377 1;0.01
1366 1377 1;0.01
1366 1377 1;0.01
1367 1377 1;0.01
1368 1377 1;0.01
1369 1377 1;0.01
1370 1377 1;0.01
1371 1377 1;0.01
1372 1377 1;0.01
1373 1377 1;0.01
1374 1377 1;0.01
1375 1377 1;0.01
1376 1377 1;0.01
1378 1526 1;0.01
1379 1380 1;0.01
1381 1385 1;0.01
1382 1385 1;0.01
1383 1385 1;0.01
1384 1385 1;0.01
1385 1514 1;0.01
1386 1514 1;0.01
1387 1514 1;0.01
1391 1512 1;0.01
1391 1512 1;0.01
1391 1392 1;0.01
1393 1406 1;0.01
1393 1404 1;0.01
1394 1400 1;0.01
1395 1404 1;0.01
1396 1404 1;0.01
1397 1403 1;0.01
1398 1404 1;0.01
1399 1404 1;0.01
1400 1404 1;0.01
1401 1404 1;0.01
1401 1402 1;0.01
1403 1404 1;0.01
1404 1405 1;0.01
1407 1412 1;0.01
1408 1412 1;0.01
1409 1412 1;0.01
1410 1412 1;0.01
1411 1412 1;0.01
1412 1449 1;0.01
1412 1449 1;0.01
1413 1418 1;0.01
1414 1418 1;0.01
1415 1418 1;0.01
1416 1418 1;0.01
1417 1445 1;0.01
1417 1418 1;0.01
1417 1444 1;0.01
1418 1449 1;0.01
1418 1449 1;0.01
1419 1421 1;0.01
1420 1421 1;0.01
1421 1442 1;0.01
1421 1449 1;0.01
1421 1449 1;0.01
1422 1431 1;0.01
1423 1431 1;0.01
1424 1431 1;0.01
1425 1431 1;0.01
1426 1431 1;0.01
1427 1431 1;0.01
1428 1431 1;0.01
1429 1431 1;0.01
1430 1431 1;0.01
1431 1433 1;0.01
1431 1432 1;0.01
1431 1449 1;0.01
1431 1449 1;0.01
1434 1438 1;0.01
1435 1438 1;0.01
1436 1438 1;0.01
1437 1438 1;0.01
1438 1449 1;0.01
1438 1449 1;0.01
1439 1449 1;0.01
1440 1449 1;0.01
1446 1449 1;0.01
1447 1449 1;0.01
1448 1449 1;0.01
1449 1514 1;0.01
1449 1452 1;0.01
1449 1452 1;0.01
1449 1452 1;0.01
1449 1514 1;0.01
1449 1514 1;0.01
1450 1452 1;0.01
1451 1452 1;0.01
1454 1464 1;0.01
1455 1464 1;0.01
1456 1464 1;0.01
1457 1464 1;0.01
1458 1464 1;0.01
1459 1462 1;0.01
1460 1464 1;0.01
1461 1464 1;0.01
1462 1464 1;0.01
1463 1464 1;0.01
1464 1514 1;0.01
1464 1514 1;0.01
1464 1514 1;0.01
1466 1486 1;0.01
1467 1486 1;0.01
1468 1486 1;0.01
1469 1486 1;0.01
1470 1486 1;0.01
1471 1486 1;0.01
1472 1486 1;0.01
1473 1486 1;0.01
1474 1486 1;0.01
1475 1486 1;0.01
1476 1486 1;0.01
1477 1486 1;0.01
1478 1486 1;0.01
1479 1486 1;0.01
1480 1486 1;0.01
1481 1486 1;0.01
1482 1486 1;0.01
1483 1486 1;0.01
1484 1486 1;0.01
1485 1486 1;0.01
1487 1512 1;0.01
1487 1488 1;0.01
1490 1492 1;0.01
1491 1510 1;0.01
1491 1509 1;0.01
1492 1493 1;0.01
1494 1514 1;0.01
1498 1524 1;0.01
1499 1510 1;0.01
1499 1509 1;0.01
1499 1509 1;0.01
1499 1510 1;0.01
1499 1509 1;0.01
1499 1510 1;0.01
1500 1510 1;0.01
1500 1509 1;0.01
1500 1509 1;0.01
1500 1510 1;0.01
1500 1509 1;0.01
1500 1510 1;0.01
1501 1510 1;0.01
1501 1509 1;0.01
1501 1509 1;0.01
1501 1510 1;0.01
1501 1509 1;0.01
1501 1510 1;0.01
1502 1510 1;0.01
1502 1509 1;0.01
1502 1509 1;0.01
1502 1510 1;0.01
1502 1509 1;0.01
1502 1510 1;0.01
1503 1510 1;0.01
1503 1509 1;0.01
1503 1509 1;0.01
1503 1510 1;0.01
1503 1509 1;0.01
1503 1510 1;0.01
1504 1510 1;0.01
1504 1509 1;0.01
1504 1509 1;0.01
1504 1510 1;0.01
1504 1509 1;0.01
1504 1510 1;0.01
1505 1509 1;0.01
1505 1510 1;0.01
1505 1509 1;0.01
1505 1510 1;0.01
1506 1510 1;0.01
1506 1509 1;0.01
1506 1509 1;0.01
1506 1510 1;0.01
1506 1509 1;0.01
1506 1510 1;0.01
1507 1510 1;0.01
1507 1509 1;0.01
1507 1509 1;0.01
1507 1510 1;0.01
1507 1509 1;0.01
1507 1510 1;0.01
1508 1510 1;0.01
1508 1509 1;0.01
1508 1509 1;0.01
1508 1510 1;0.01
1508 1509 1;0.01
1508 1510 1;0.01
1509 1514 1;0.01
1509 1510 1;0.01
1509 1510 1;0.01
1509 1510 1;0.01
1509 1514 1;0.01
1509 1514 1;0.01
1510 1514 1;0.01
1510 1514 1;0.01
1510 1514 1;0.01
1512 1514 1;0.01
1512 1514 1;0.01
1513 1514 1;0.01
1513 1515 1;0.01
1513 1514 1;0.01
1514 1605 1;0.01
1514 1533 1;0.01
1514 1527 1;0.01
1514 1524 1;0.01
1514 1564 1;0.01
1514 1519 1;0.01
1521 1524 1;0.01
1522 1524 1;0.01
1523 1524 1;0.01
1525 1526 1;0.01
1531 1532 1;0.01
1533 1534 1;0.01
1535 1537 1;0.01
1536 1537 1;0.01
1537 1539 1;0.01
1537 1539 1;0.01
1538 1539 1;0.01
1540 1545 1;0.01
1541 1545 1;0.01
1542 1545 1;0.01
1543 1545 1;0.01
1544 1545 1;0.01
1545 1590 1;0.01
1545 1590 1;0.01
1549 1550 1;0.01
1551 1552 1;0.01
1552 1553 1;0.01
1554 1555 1;0.01
1556 1557 1;0.01
1557 1559 1;0.01
1557 1560 1;0.01
1557 1561 1;0.01
1557 1562 1;0.01
1557 1563 1;0.01
1557 1558 1;0.01
1557 1590 1;0.01
1557 1590 1;0.01
1564 1565 1;0.01
1567 1588 1;0.01
1568 1588 1;0.01
1569 1588 1;0.01
1570 1588 1;0.01
1571 1588 1;0.01
1572 1588 1;0.01
1573 1588 1;0.01
1574 1588 1;0.01
1575 1588 1;0.01
1576 1588 1;0.01
1577 1588 1;0.01
1578 1588 1;0.01
1579 1588 1;0.01
1579 1580 1;0.01
1580 1588 1;0.01
1580 1581 1;0.01
1581 1588 1;0.01
1582 1588 1;0.01
1583 1588 1;0.01
1584 1588 1;0.01
1585 1588 1;0.01
1586 1588 1;0.01
1587 1588 1;0.01
1600 1605 1;0.01
1601 1605 1;0.01
1602 1605 1;0.01
1603 1605 1;0.01
1604 1605 1;0.01
1606 1611 1;0.01
1607 1611 1;0.01
1608 1611 1;0.01
1609 1611 1;0.01
1610 1611 1;0.01
1618 1620 1;0.01
1619 1620 1;0.01
1620 1630 1;0.01
1620 1632 1;0.01
1620 1624 1;0.01
1620 1629 1;0.01
1620 1635 1;0.01
1620 1636 1;0.01
1620 1631 1;0.01
1620 1637 1;0.01
1620 1624 1;0.01
1620 1629 1;0.01
1620 1638 1;0.01
1620 1639 1;0.01
1620 1640 1;0.01
1620 1633 1;0.01
1620 1633 1;0.01
1620 1634 1;0.01
1621 1624 1;0.01
1622 1624 1;0.01
1623 1624 1;0.01
1625 1629 1;0.01
1626 1629 1;0.01
1627 1629 1;0.01
1628 1629 1;0.01
1633 1634 1;0.01
