0 1110 1
1 1514 1
4 5 1
5 774 1
5 774 1
5 8 1
5 8 1
6 8 1
7 8 1
11 16 1
12 13 1
13 16 1
14 16 1
15 16 1
16 841 1
18 1526 1
21 29 1
22 29 1
23 29 1
24 29 1
25 29 1
26 29 1
27 29 1
28 29 1
29 1514 1
29 1514 1
29 1514 1
30 31 1
31 841 1
36 1281 1
37 1514 1
37 38 1
40 59 1
40 59 1
40 59 1
41 60 1
41 60 1
41 60 1
41 60 1
41 60 1
41 60 1
42 57 1
42 59 1
42 59 1
43 60 1
43 60 1
43 60 1
43 60 1
44 59 1
44 59 1
44 59 1
45 60 1
45 60 1
45 60 1
45 60 1
45 60 1
45 60 1
46 59 1
46 59 1
46 59 1
47 60 1
47 60 1
47 60 1
47 60 1
47 60 1
48 59 1
48 59 1
48 59 1
49 60 1
49 60 1
49 60 1
49 60 1
49 60 1
50 59 1
50 59 1
50 59 1
51 60 1
51 60 1
51 60 1
51 60 1
51 60 1
52 59 1
52 59 1
52 59 1
53 60 1
53 60 1
53 60 1
53 60 1
53 60 1
54 774 1
55 59 1
55 59 1
55 59 1
56 60 1
56 60 1
56 60 1
56 60 1
56 60 1
57 59 1
57 59 1
57 59 1
58 60 1
58 60 1
58 60 1
59 713 1
59 61 1
59 64 1
59 713 1
59 61 1
59 64 1
59 713 1
59 61 1
59 64 1
60 63 1
60 65 1
60 63 1
60 65 1
60 63 1
60 63 1
60 65 1
60 63 1
60 1514 1
60 774 1
62 63 1
62 63 1
62 63 1
69 522 1
71 1514 1
71 72 1
73 75 1
74 75 1
75 1514 1
75 1514 1
75 1514 1
75 76 1
75 78 1
75 77 1
80 82 1
81 82 1
82 86 1
83 85 1
84 85 1
85 86 1
86 88 1
86 87 1
86 88 1
86 88 1
86 774 1
89 774 1
89 90 1
91 94 1
92 94 1
93 94 1
94 98 1
94 98 1
94 98 1
95 97 1
96 97 1
97 98 1
97 98 1
97 98 1
98 774 1
98 100 1
98 104 1
98 107 1
98 774 1
98 774 1
98 100 1
98 104 1
98 107 1
98 112 1
98 100 1
98 104 1
98 107 1
98 112 1
99 100 1
101 104 1
102 104 1
103 104 1
105 107 1
106 107 1
108 112 1
109 112 1
110 112 1
111 112 1
113 123 1
114 117 1
115 117 1
116 117 1
117 123 1
117 123 1
118 123 1
119 123 1
120 123 1
121 123 1
122 123 1
123 1514 1
123 139 1
123 144 1
123 127 1
123 130 1
123 135 1
123 139 1
123 144 1
123 127 1
123 130 1
123 131 1
123 133 1
123 139 1
123 144 1
123 124 1
123 127 1
123 130 1
123 132 1
123 135 1
123 136 1
123 1514 1
123 1514 1
125 127 1
126 127 1
128 130 1
129 130 1
133 134 1
137 139 1
138 139 1
140 144 1
141 144 1
142 144 1
143 144 1
146 147 1
147 1514 1
147 156 1
147 1611 1
147 1514 1
147 1514 1
147 148 1
147 156 1
147 1612 1
147 1611 1
147 1615 1
147 149 1
147 156 1
147 1613 1
147 1611 1
147 1616 1
147 150 1
147 1617 1
147 1614 1
151 156 1
152 156 1
153 156 1
154 156 1
155 156 1
157 1514 1
158 159 1
159 1514 1
159 1514 1
159 1514 1
159 1551 1
159 724 1
159 1276 1
159 1188 1
159 639 1
159 1173 1
159 1276 1
159 1188 1
160 332 1
161 332 1
167 1514 1
168 170 1
169 170 1
170 1641 1
170 1642 1
170 1643 1
170 1644 1
170 1645 1
170 171 1
170 1526 1
170 1526 1
172 175 1
173 175 1
174 175 1
175 176 1
175 195 1
175 195 1
177 195 1
178 195 1
179 195 1
180 185 1
181 185 1
182 185 1
183 185 1
184 185 1
185 195 1
185 195 1
186 195 1
187 195 1
188 195 1
189 191 1
190 191 1
191 195 1
191 195 1
192 195 1
192 195 1
193 199 1
193 199 1
194 195 1
195 774 1
195 199 1
195 200 1
195 201 1
195 199 1
195 199 1
195 774 1
195 774 1
196 199 1
197 199 1
198 199 1
202 1514 1
204 209 1
205 209 1
206 209 1
207 209 1
208 209 1
209 213 1
209 213 1
210 213 1
211 213 1
212 213 1
213 332 1
213 332 1
213 217 1
213 249 1
213 217 1
213 249 1
214 217 1
215 217 1
216 217 1
218 223 1
219 223 1
220 223 1
221 223 1
222 223 1
223 332 1
223 332 1
223 244 1
223 235 1
223 225 1
223 244 1
223 235 1
223 224 1
226 235 1
227 235 1
228 235 1
229 235 1
230 235 1
231 235 1
232 235 1
233 235 1
234 235 1
236 244 1
237 244 1
238 244 1
239 244 1
240 244 1
241 244 1
242 244 1
243 244 1
245 249 1
246 249 1
247 249 1
248 249 1
253 1514 1
254 262 1
255 262 1
256 262 1
257 262 1
258 262 1
259 262 1
260 262 1
261 262 1
262 841 1
262 841 1
264 347 1
264 346 1
266 1309 1
267 841 1
268 845 1
269 270 1
270 271 1
270 272 1
270 273 1
270 274 1
275 774 1
276 288 1
277 288 1
278 288 1
279 288 1
280 288 1
281 288 1
282 288 1
283 288 1
284 288 1
285 288 1
286 288 1
287 288 1
288 774 1
288 774 1
288 774 1
289 1514 1
290 845 1
291 296 1
292 296 1
293 296 1
294 296 1
295 296 1
296 1514 1
297 307 1
298 307 1
299 307 1
300 307 1
301 307 1
302 307 1
303 307 1
304 307 1
305 307 1
306 307 1
307 774 1
307 774 1
307 308 1
307 310 1
307 313 1
307 309 1
307 311 1
307 312 1
314 330 1
315 330 1
316 330 1
317 330 1
318 330 1
319 330 1
320 330 1
321 330 1
322 330 1
323 330 1
324 330 1
325 330 1
326 330 1
327 330 1
328 330 1
329 332 1
330 332 1
330 332 1
330 332 1
330 1492 1
330 342 1
330 343 1
330 344 1
330 334 1
330 338 1
330 335 1
330 339 1
330 336 1
330 340 1
330 337 1
330 341 1
331 332 1
331 332 1
331 773 1
332 1486 1
332 1008 1
332 1377 1
332 1590 1
332 537 1
332 1588 1
332 1486 1
332 987 1
332 1032 1
332 601 1
332 628 1
332 681 1
332 1088 1
332 1008 1
332 1202 1
332 349 1
332 1379 1
332 348 1
332 1340 1
332 1201 1
332 1377 1
332 1590 1
332 537 1
332 1588 1
332 1486 1
332 987 1
332 1032 1
332 601 1
332 628 1
332 681 1
332 1088 1
332 1008 1
332 867 1
332 1200 1
332 774 1
332 1514 1
332 774 1
332 1514 1
332 774 1
332 566 1
332 1514 1
345 774 1
350 352 1
351 352 1
352 1385 1
352 1514 1
352 1385 1
352 1385 1
353 1514 1
353 354 1
355 357 1
356 357 1
357 491 1
357 491 1
357 491 1
358 362 1
359 362 1
360 362 1
361 362 1
362 491 1
362 491 1
362 491 1
363 400 1
364 382 1
365 383 1
366 384 1
367 385 1
368 386 1
369 388 1
370 471 1
371 394 1
372 387 1
373 395 1
375 397 1
376 398 1
377 399 1
378 401 1
379 402 1
380 453 1
380 381 1
382 472 1
382 472 1
382 472 1
382 472 1
382 472 1
383 471 1
384 471 1
385 471 1
386 471 1
387 471 1
388 471 1
389 471 1
390 471 1
391 392 1
391 471 1
393 471 1
393 471 1
393 471 1
394 471 1
395 471 1
396 471 1
397 471 1
397 471 1
397 471 1
398 471 1
398 471 1
398 471 1
399 471 1
400 471 1
400 469 1
400 469 1
400 469 1
400 471 1
400 471 1
401 471 1
401 471 1
402 471 1
402 469 1
402 469 1
402 469 1
402 471 1
402 471 1
403 471 1
403 469 1
403 469 1
403 469 1
403 471 1
403 471 1
404 471 1
404 471 1
404 471 1
405 471 1
405 471 1
405 471 1
406 471 1
406 471 1
406 471 1
407 1449 1
407 1449 1
407 1449 1
408 471 1
408 471 1
408 471 1
409 471 1
409 471 1
409 471 1
410 471 1
410 471 1
410 471 1
411 471 1
411 471 1
411 471 1
412 471 1
412 471 1
412 471 1
413 471 1
413 471 1
413 471 1
414 471 1
414 469 1
414 469 1
414 469 1
414 471 1
414 471 1
415 471 1
415 471 1
415 471 1
416 471 1
416 471 1
416 471 1
417 491 1
417 491 1
417 491 1
418 471 1
418 469 1
418 469 1
418 469 1
418 471 1
418 471 1
419 471 1
419 471 1
419 471 1
420 471 1
420 471 1
420 471 1
421 471 1
421 471 1
421 471 1
422 471 1
423 474 1
423 475 1
424 474 1
425 475 1
425 426 1
426 474 1
427 475 1
427 428 1
428 474 1
429 475 1
429 430 1
430 474 1
431 475 1
431 432 1
432 474 1
433 475 1
433 434 1
434 474 1
435 475 1
435 436 1
436 474 1
437 475 1
437 438 1
438 474 1
439 475 1
439 440 1
440 474 1
441 474 1
441 442 1
442 475 1
443 475 1
443 444 1
444 474 1
445 475 1
445 446 1
446 474 1
447 475 1
447 448 1
448 474 1
449 475 1
449 450 1
450 474 1
451 475 1
451 452 1
452 474 1
453 475 1
453 454 1
454 474 1
455 475 1
455 456 1
456 474 1
457 475 1
457 458 1
458 474 1
459 475 1
459 460 1
460 474 1
461 475 1
461 462 1
462 474 1
463 475 1
463 464 1
464 474 1
465 475 1
465 466 1
466 474 1
467 468 1
467 474 1
467 468 1
467 468 1
468 475 1
469 470 1
469 474 1
469 470 1
469 470 1
470 475 1
471 491 1
471 472 1
471 473 1
471 472 1
471 473 1
472 958 1
472 958 1
472 841 1
472 473 1
472 474 1
473 774 1
473 475 1
475 902 1
476 491 1
477 491 1
478 491 1
479 491 1
480 491 1
481 491 1
482 491 1
483 491 1
484 491 1
485 491 1
486 491 1
487 491 1
488 491 1
489 491 1
490 491 1
491 841 1
491 841 1
491 841 1
492 497 1
493 497 1
494 497 1
495 497 1
496 497 1
497 774 1
497 774 1
497 499 1
497 498 1
500 511 1
501 511 1
502 511 1
503 511 1
504 511 1
505 511 1
506 511 1
506 510 1
507 511 1
508 511 1
509 511 1
511 1514 1
511 1514 1
511 512 1
513 1514 1
513 514 1
515 521 1
516 521 1
517 521 1
518 521 1
519 521 1
520 521 1
521 774 1
521 774 1
521 774 1
522 841 1
523 537 1
524 537 1
525 537 1
526 537 1
527 538 1
528 537 1
529 537 1
530 537 1
531 537 1
532 537 1
533 537 1
534 538 1
535 538 1
536 538 1
537 538 1
537 538 1
537 545 1
537 546 1
537 538 1
537 551 1
537 550 1
537 547 1
537 548 1
537 552 1
537 553 1
537 554 1
537 555 1
537 556 1
537 557 1
537 558 1
537 559 1
537 560 1
537 561 1
537 541 1
537 540 1
538 542 1
538 543 1
538 544 1
538 539 1
538 549 1
562 1514 1
562 563 1
563 569 1
564 566 1
564 566 1
564 566 1
565 566 1
565 566 1
565 566 1
568 774 1
570 574 1
571 574 1
572 574 1
573 574 1
574 1514 1
575 601 1
576 601 1
577 601 1
578 601 1
579 601 1
580 601 1
581 601 1
582 601 1
583 601 1
584 601 1
585 601 1
586 601 1
587 601 1
588 601 1
589 601 1
590 601 1
591 601 1
592 601 1
593 601 1
594 601 1
595 601 1
596 601 1
597 601 1
598 601 1
599 601 1
600 601 1
602 611 1
603 611 1
604 611 1
605 611 1
606 611 1
607 611 1
608 611 1
609 611 1
610 611 1
611 628 1
611 628 1
612 618 1
613 618 1
614 618 1
615 618 1
616 618 1
617 618 1
618 628 1
618 628 1
619 625 1
620 625 1
621 625 1
622 625 1
623 625 1
624 625 1
625 628 1
625 628 1
626 628 1
627 628 1
629 634 1
630 634 1
631 634 1
632 634 1
633 634 1
634 638 1
634 638 1
635 638 1
636 638 1
637 638 1
638 1514 1
638 1514 1
638 1514 1
640 774 1
640 641 1
642 1526 1
643 1526 1
644 1514 1
645 1449 1
646 1449 1
647 649 1
648 649 1
649 1449 1
649 1449 1
650 1449 1
651 657 1
652 657 1
653 657 1
654 657 1
655 657 1
656 657 1
657 681 1
657 681 1
658 681 1
659 681 1
660 681 1
661 681 1
663 681 1
664 681 1
665 681 1
666 681 1
667 681 1
668 674 1
669 674 1
670 674 1
671 674 1
672 674 1
673 674 1
674 681 1
674 681 1
675 681 1
676 681 1
677 681 1
678 681 1
678 679 1
679 681 1
680 681 1
681 1566 1
682 1512 1
682 774 1
685 688 1
686 688 1
687 688 1
688 1514 1
689 694 1
690 694 1
691 694 1
692 694 1
693 694 1
694 703 1
694 703 1
695 698 1
696 698 1
697 698 1
698 703 1
698 703 1
699 703 1
700 703 1
701 703 1
702 703 1
703 841 1
703 841 1
703 841 1
704 708 1
705 708 1
706 708 1
707 708 1
708 774 1
709 711 1
709 1514 1
709 1514 1
713 1515 1
713 775 1
713 1514 1
713 774 1
713 1515 1
713 1514 1
713 1519 1
713 775 1
713 774 1
714 717 1
715 717 1
716 717 1
717 718 1
717 841 1
719 721 1
720 721 1
721 723 1
721 723 1
722 723 1
723 841 1
725 808 1
726 740 1
726 740 1
727 733 1
728 733 1
729 733 1
730 733 1
731 733 1
732 733 1
733 740 1
733 740 1
734 740 1
735 740 1
736 740 1
737 740 1
738 740 1
739 740 1
740 1514 1
740 1514 1
742 1514 1
743 745 1
744 745 1
745 768 1
745 768 1
746 749 1
747 749 1
748 749 1
749 768 1
749 768 1
750 756 1
751 756 1
752 756 1
753 756 1
754 756 1
755 756 1
756 768 1
756 768 1
757 758 1
758 768 1
759 764 1
760 764 1
761 764 1
762 764 1
763 764 1
764 768 1
764 768 1
765 768 1
766 768 1
767 768 1
768 841 1
768 841 1
768 841 1
770 777 1
771 774 1
772 774 1
772 774 1
773 774 1
773 840 1
773 774 1
774 958 1
774 1054 1
774 1167 1
774 992 1
774 1133 1
774 1526 1
774 958 1
774 1054 1
774 1167 1
774 992 1
774 1133 1
774 1526 1
774 958 1
774 997 1
774 1067 1
774 1404 1
774 777 1
774 852 1
774 1012 1
774 1341 1
774 1281 1
774 809 1
774 1389 1
774 841 1
774 841 1
774 822 1
774 1295 1
774 841 1
774 961 1
775 1515 1
777 778 1
778 779 1
780 795 1
781 795 1
782 784 1
783 784 1
784 795 1
784 795 1
785 795 1
786 795 1
787 795 1
788 795 1
789 791 1
790 791 1
791 795 1
791 795 1
792 795 1
793 795 1
794 795 1
795 1514 1
795 806 1
795 1514 1
795 1514 1
795 811 1
795 796 1
795 806 1
795 801 1
795 810 1
795 797 1
795 802 1
795 798 1
795 799 1
795 803 1
795 800 1
795 806 1
801 807 1
809 1512 1
812 841 1
815 821 1
815 822 1
816 821 1
816 822 1
817 821 1
817 822 1
818 822 1
818 821 1
819 821 1
819 822 1
820 821 1
820 822 1
821 1514 1
821 822 1
821 1514 1
823 824 1
828 836 1
828 836 1
829 845 1
830 845 1
831 845 1
832 836 1
833 836 1
834 836 1
835 836 1
836 845 1
836 845 1
837 841 1
838 841 1
838 841 1
839 841 1
839 841 1
840 841 1
840 841 1
840 1513 1
841 1328 1
841 1244 1
841 1620 1
841 1258 1
841 845 1
841 1108 1
841 1010 1
841 1328 1
841 1244 1
841 1620 1
841 1258 1
841 845 1
841 1095 1
841 1198 1
841 1554 1
841 1180 1
841 1208 1
841 1342 1
841 1346 1
841 1034 1
841 1294 1
841 1315 1
841 1316 1
841 1318 1
841 1528 1
841 1537 1
841 1110 1
841 1514 1
841 1514 1
841 1514 1
841 961 1
843 845 1
844 845 1
845 846 1
845 847 1
845 848 1
845 1547 1
845 1546 1
845 1548 1
845 1549 1
848 849 1
850 852 1
851 852 1
852 853 1
852 854 1
852 855 1
856 863 1
856 857 1
857 858 1
858 859 1
859 860 1
860 861 1
861 862 1
863 961 1
863 961 1
863 961 1
864 867 1
864 867 1
864 867 1
864 867 1
864 867 1
865 867 1
865 867 1
865 867 1
865 867 1
865 867 1
867 868 1
867 868 1
867 1514 1
867 868 1
869 872 1
870 872 1
871 872 1
872 888 1
872 882 1
872 882 1
872 882 1
872 888 1
872 888 1
873 876 1
874 876 1
875 876 1
876 888 1
876 888 1
876 888 1
877 881 1
878 881 1
879 881 1
880 881 1
881 888 1
881 888 1
881 888 1
883 888 1
884 888 1
885 888 1
886 888 1
887 888 1
888 907 1
888 907 1
888 1514 1
888 1514 1
889 900 1
889 900 1
889 900 1
889 900 1
889 901 1
889 901 1
889 901 1
889 901 1
889 961 1
889 961 1
889 961 1
889 961 1
890 958 1
890 958 1
890 958 1
891 958 1
891 958 1
891 958 1
892 958 1
892 958 1
892 958 1
893 903 1
893 903 1
893 903 1
894 903 1
894 903 1
894 903 1
895 903 1
895 903 1
895 903 1
896 903 1
896 903 1
896 903 1
897 903 1
897 903 1
897 903 1
898 958 1
898 958 1
898 958 1
899 958 1
899 958 1
899 958 1
903 1514 1
903 1514 1
903 1514 1
905 907 1
906 907 1
909 933 1
910 933 1
911 933 1
912 933 1
913 933 1
914 958 1
915 959 1
916 933 1
916 933 1
916 933 1
916 933 1
916 933 1
916 933 1
916 933 1
916 933 1
918 960 1
919 960 1
920 934 1
921 934 1
922 934 1
923 934 1
924 934 1
925 934 1
926 934 1
927 934 1
928 961 1
929 932 1
930 961 1
931 961 1
932 958 1
932 958 1
933 934 1
933 944 1
933 946 1
933 934 1
933 934 1
933 959 1
933 961 1
934 961 1
935 959 1
936 958 1
936 937 1
937 938 1
939 958 1
940 959 1
941 959 1
942 959 1
943 959 1
945 959 1
947 958 1
947 958 1
947 958 1
948 960 1
949 960 1
950 960 1
951 960 1
952 960 1
959 960 1
959 960 1
959 960 1
959 961 1
960 961 1
960 961 1
960 961 1
961 962 1
961 962 1
961 1443 1
961 962 1
961 1441 1
963 987 1
964 987 1
965 987 1
966 987 1
967 987 1
968 987 1
969 987 1
970 987 1
971 987 1
972 987 1
973 987 1
974 987 1
975 987 1
976 987 1
977 987 1
978 987 1
979 987 1
980 987 1
981 987 1
982 987 1
983 987 1
984 987 1
985 987 1
986 987 1
988 992 1
989 992 1
990 992 1
991 992 1
992 993 1
992 994 1
992 996 1
995 996 1
997 998 1
999 1007 1
999 1008 1
1000 1007 1
1000 1008 1
1001 1007 1
1001 1008 1
1002 1007 1
1002 1008 1
1003 1007 1
1003 1008 1
1004 1007 1
1004 1008 1
1005 1007 1
1005 1008 1
1006 1007 1
1006 1008 1
1007 1514 1
1007 1008 1
1007 1514 1
1007 1514 1
1007 1008 1
1007 1008 1
1009 1011 1
1010 1011 1
1012 1013 1
1014 1021 1
1015 1021 1
1016 1021 1
1017 1021 1
1018 1021 1
1019 1021 1
1020 1021 1
1021 1032 1
1021 1032 1
1022 1029 1
1023 1029 1
1023 1024 1
1024 1029 1
1024 1025 1
1025 1029 1
1025 1026 1
1026 1029 1
1026 1027 1
1027 1029 1
1027 1028 1
1028 1029 1
1029 1032 1
1029 1032 1
1030 1032 1
1031 1032 1
1033 1034 1
1034 1040 1
1034 1041 1
1034 1035 1
1034 1039 1
1034 1039 1
1038 1039 1
1042 1054 1
1042 1054 1
1042 1054 1
1043 1046 1
1044 1046 1
1045 1046 1
1046 1054 1
1046 1054 1
1046 1054 1
1047 1054 1
1048 1051 1
1049 1051 1
1050 1051 1
1051 1054 1
1051 1054 1
1051 1054 1
1052 1054 1
1053 1054 1
1055 1061 1
1056 1061 1
1057 1061 1
1058 1061 1
1059 1061 1
1060 1061 1
1061 1514 1
1061 1514 1
1061 1514 1
1061 1062 1
1063 1526 1
1063 1064 1
1065 1067 1
1066 1067 1
1068 1088 1
1069 1088 1
1070 1088 1
1071 1088 1
1072 1088 1
1073 1088 1
1074 1088 1
1075 1088 1
1076 1088 1
1077 1088 1
1078 1088 1
1079 1088 1
1080 1088 1
1081 1088 1
1082 1088 1
1083 1088 1
1084 1088 1
1085 1088 1
1086 1088 1
1087 1088 1
1089 1094 1
1089 1094 1
1090 1094 1
1090 1094 1
1091 1094 1
1091 1094 1
1092 1094 1
1093 1094 1
1094 1514 1
1094 1514 1
1094 1514 1
1096 1103 1
1097 1103 1
1098 1103 1
1099 1103 1
1100 1103 1
1101 1103 1
1102 1103 1
1103 1514 1
1103 1514 1
1104 1108 1
1105 1108 1
1106 1108 1
1107 1108 1
1108 1109 1
1111 1118 1
1112 1118 1
1113 1118 1
1114 1115 1
1115 1118 1
1116 1118 1
1117 1118 1
1118 1133 1
1118 1133 1
1119 1122 1
1120 1122 1
1121 1122 1
1122 1123 1
1122 1133 1
1122 1133 1
1124 1129 1
1125 1129 1
1126 1129 1
1127 1129 1
1128 1129 1
1129 1133 1
1129 1133 1
1130 1133 1
1131 1133 1
1132 1133 1
1133 1134 1
1135 1514 1
1136 1144 1
1137 1144 1
1138 1144 1
1138 1156 1
1138 1147 1
1138 1150 1
1138 1153 1
1138 1154 1
1138 1155 1
1138 1156 1
1138 1156 1
1138 1144 1
1138 1144 1
1139 1144 1
1140 1144 1
1141 1144 1
1142 1144 1
1143 1144 1
1144 1514 1
1144 1514 1
1144 1514 1
1144 1157 1
1144 1158 1
1145 1156 1
1146 1156 1
1148 1156 1
1149 1156 1
1151 1156 1
1152 1156 1
1159 1160 1
1160 1167 1
1160 1167 1
1161 1165 1
1162 1165 1
1163 1165 1
1164 1165 1
1165 1167 1
1165 1167 1
1166 1167 1
1168 1514 1
1168 1169 1
1170 1514 1
1170 1171 1
1171 1172 1
1174 1177 1
1175 1177 1
1181 1186 1
1182 1186 1
1183 1186 1
1184 1186 1
1185 1186 1
1186 1514 1
1187 1188 1
1188 1189 1
1188 1191 1
1188 1190 1
1192 1198 1
1193 1198 1
1194 1198 1
1195 1198 1
1196 1198 1
1197 1198 1
1198 1199 1
1202 1203 1
1204 1206 1
1205 1514 1
1206 1514 1
1209 1402 1
1210 1219 1
1211 1219 1
1212 1219 1
1213 1219 1
1214 1219 1
1215 1219 1
1216 1219 1
1217 1219 1
1218 1219 1
1219 1244 1
1219 1244 1
1220 1222 1
1220 1222 1
1221 1222 1
1222 1223 1
1222 1244 1
1222 1244 1
1223 1244 1
1224 1228 1
1225 1228 1
1226 1228 1
1227 1228 1
1228 1229 1
1228 1230 1
1228 1244 1
1231 1244 1
1232 1244 1
1233 1237 1
1234 1237 1
1235 1237 1
1236 1237 1
1237 1244 1
1237 1244 1
1238 1244 1
1239 1242 1
1240 1242 1
1241 1242 1
1242 1244 1
1242 1244 1
1243 1244 1
1245 1514 1
1245 1246 1
1247 1258 1
1248 1258 1
1249 1258 1
1250 1258 1
1251 1258 1
1252 1258 1
1253 1258 1
1253 1254 1
1255 1258 1
1256 1258 1
1257 1258 1
1259 1276 1
1260 1276 1
1261 1276 1
1262 1276 1
1263 1276 1
1264 1276 1
1265 1276 1
1266 1276 1
1267 1276 1
1268 1276 1
1269 1276 1
1270 1276 1
1271 1276 1
1271 1276 1
1272 1276 1
1273 1276 1
1274 1276 1
1275 1276 1
1275 1277 1
1278 1281 1
1279 1281 1
1280 1281 1
1282 1324 1
1283 1324 1
1284 1324 1
1285 1324 1
1286 1324 1
1287 1324 1
1288 1324 1
1289 1324 1
1290 1324 1
1291 1324 1
1292 1324 1
1293 1465 1
1293 1465 1
1294 1309 1
1295 1298 1
1295 1308 1
1297 1308 1
1300 1309 1
1300 1309 1
1301 1309 1
1302 1309 1
1303 1308 1
1304 1308 1
1305 1308 1
1306 1309 1
1308 1311 1
1308 1312 1
1309 1310 1
1313 1315 1
1314 1315 1
1316 1317 1
1318 1319 1
1320 1324 1
1321 1324 1
1322 1324 1
1323 1324 1
1324 1514 1
1324 1514 1
1324 1514 1
1325 1328 1
1326 1328 1
1327 1328 1
1328 1338 1
1328 1332 1
1328 1337 1
1328 1339 1
1328 1332 1
1328 1337 1
1329 1332 1
1330 1332 1
1331 1332 1
1333 1337 1
1334 1337 1
1335 1337 1
1336 1337 1
1343 1346 1
1344 1346 1
1345 1346 1
1347 1348 1
1348 1349 1
1348 1350 1
1348 1351 1
1348 1352 1
1348 1590 1
1353 1377 1
1354 1377 1
1355 1377 1
1356 1377 1
1357 1377 1
1358 1377 1
1359 1377 1
1360 1377 1
1361 1377 1
1362 1377 1
1363 1377 1
1364 1377 1
1365 1377 1
1366 1377 1
1366 1377 1
1367 1377 1
1368 1377 1
1369 1377 1
1370 1377 1
1371 1377 1
1372 1377 1
1373 1377 1
1374 1377 1
1375 1377 1
1376 1377 1
1378 1526 1
1379 1380 1
1381 1385 1
1382 1385 1
1383 1385 1
1384 1385 1
1385 1514 1
1386 1514 1
1387 1514 1
1391 1512 1
1391 1512 1
1391 1392 1
1393 1406 1
1393 1404 1
1394 1400 1
1395 1404 1
1396 1404 1
1397 1403 1
1398 1404 1
1399 1404 1
1400 1404 1
1401 1404 1
1401 1402 1
1403 1404 1
1404 1405 1
1407 1412 1
1408 1412 1
1409 1412 1
1410 1412 1
1411 1412 1
1412 1449 1
1412 1449 1
1413 1418 1
1414 1418 1
1415 1418 1
1416 1418 1
1417 1445 1
1417 1418 1
1417 1444 1
1418 1449 1
1418 1449 1
1419 1421 1
1420 1421 1
1421 1442 1
1421 1449 1
1421 1449 1
1422 1431 1
1423 1431 1
1424 1431 1
1425 1431 1
1426 1431 1
1427 1431 1
1428 1431 1
1429 1431 1
1430 1431 1
1431 1433 1
1431 1432 1
1431 1449 1
1431 1449 1
1434 1438 1
1435 1438 1
1436 1438 1
1437 1438 1
1438 1449 1
1438 1449 1
1439 1449 1
1440 1449 1
1446 1449 1
1447 1449 1
1448 1449 1
1449 1514 1
1449 1452 1
1449 1452 1
1449 1452 1
1449 1514 1
1449 1514 1
1450 1452 1
1451 1452 1
1454 1464 1
1455 1464 1
1456 1464 1
1457 1464 1
1458 1464 1
1459 1462 1
1460 1464 1
1461 1464 1
1462 1464 1
1463 1464 1
1464 1514 1
1464 1514 1
1464 1514 1
1466 1486 1
1467 1486 1
1468 1486 1
1469 1486 1
1470 1486 1
1471 1486 1
1472 1486 1
1473 1486 1
1474 1486 1
1475 1486 1
1476 1486 1
1477 1486 1
1478 1486 1
1479 1486 1
1480 1486 1
1481 1486 1
1482 1486 1
1483 1486 1
1484 1486 1
1485 1486 1
1487 1512 1
1487 1488 1
1490 1492 1
1491 1510 1
1491 1509 1
1492 1493 1
1494 1514 1
1498 1524 1
1499 1510 1
1499 1509 1
1499 1509 1
1499 1510 1
1499 1509 1
1499 1510 1
1500 1510 1
1500 1509 1
1500 1509 1
1500 1510 1
1500 1509 1
1500 1510 1
1501 1510 1
1501 1509 1
1501 1509 1
1501 1510 1
1501 1509 1
1501 1510 1
1502 1510 1
1502 1509 1
1502 1509 1
1502 1510 1
1502 1509 1
1502 1510 1
1503 1510 1
1503 1509 1
1503 1509 1
1503 1510 1
1503 1509 1
1503 1510 1
1504 1510 1
1504 1509 1
1504 1509 1
1504 1510 1
1504 1509 1
1504 1510 1
1505 1509 1
1505 1510 1
1505 1509 1
1505 1510 1
1506 1510 1
1506 1509 1
1506 1509 1
1506 1510 1
1506 1509 1
1506 1510 1
1507 1510 1
1507 1509 1
1507 1509 1
1507 1510 1
1507 1509 1
1507 1510 1
1508 1510 1
1508 1509 1
1508 1509 1
1508 1510 1
1508 1509 1
1508 1510 1
1509 1514 1
1509 1510 1
1509 1510 1
1509 1510 1
1509 1514 1
1509 1514 1
1510 1514 1
1510 1514 1
1510 1514 1
1512 1514 1
1512 1514 1
1513 1514 1
1513 1515 1
1513 1514 1
1514 1605 1
1514 1533 1
1514 1527 1
1514 1524 1
1514 1564 1
1514 1519 1
1521 1524 1
1522 1524 1
1523 1524 1
1525 1526 1
1531 1532 1
1533 1534 1
1535 1537 1
1536 1537 1
1537 1539 1
1537 1539 1
1538 1539 1
1540 1545 1
1541 1545 1
1542 1545 1
1543 1545 1
1544 1545 1
1545 1590 1
1545 1590 1
1549 1550 1
1551 1552 1
1552 1553 1
1554 1555 1
1556 1557 1
1557 1559 1
1557 1560 1
1557 1561 1
1557 1562 1
1557 1563 1
1557 1558 1
1557 1590 1
1557 1590 1
1564 1565 1
1567 1588 1
1568 1588 1
1569 1588 1
1570 1588 1
1571 1588 1
1572 1588 1
1573 1588 1
1574 1588 1
1575 1588 1
1576 1588 1
1577 1588 1
1578 1588 1
1579 1588 1
1579 1580 1
1580 1588 1
1580 1581 1
1581 1588 1
1582 1588 1
1583 1588 1
1584 1588 1
1585 1588 1
1586 1588 1
1587 1588 1
1600 1605 1
1601 1605 1
1602 1605 1
1603 1605 1
1604 1605 1
1606 1611 1
1607 1611 1
1608 1611 1
1609 1611 1
1610 1611 1
1618 1620 1
1619 1620 1
1620 1630 1
1620 1632 1
1620 1624 1
1620 1629 1
1620 1635 1
1620 1636 1
1620 1631 1
1620 1637 1
1620 1624 1
1620 1629 1
1620 1638 1
1620 1639 1
1620 1640 1
1620 1633 1
1620 1633 1
1620 1634 1
1621 1624 1
1622 1624 1
1623 1624 1
1625 1629 1
1626 1629 1
1627 1629 1
1628 1629 1
1633 1634 1
