#HostID HostID Volume/Flows
0 1 100
1 1 100
4 1 100
5 1 100
5 1 100
5 1 100
5 1 100
6 1 100
7 1 100
11 1 100
12 1 100
13 1 100
14 1 100
15 1 100
16 1 100
18 1 100
21 1 100
22 1 100
23 1 100
24 1 100
25 1 100
26 1 100
27 1 100
28 1 100
29 1 100
29 1 100
29 1 100
30 1 100
31 1 100
36 1 100
37 1 100
37 1 100
40 1 100
40 1 100
40 1 100
41 1 100
41 1 100
41 1 100
41 1 100
41 1 100
41 1 100
42 1 100
42 1 100
42 1 100
43 1 100
43 1 100
43 1 100
43 1 100
44 1 100
44 1 100
44 1 100
45 1 100
45 1 100
45 1 100
45 1 100
45 1 100
45 1 100
46 1 100
46 1 100
46 1 100
47 1 100
47 1 100
47 1 100
47 1 100
47 1 100
48 1 100
48 1 100
48 1 100
49 1 100
49 1 100
49 1 100
49 1 100
49 1 100
50 1 100
50 1 100
50 1 100
51 1 100
51 1 100
51 1 100
51 1 100
51 1 100
52 1 100
52 1 100
52 1 100
53 1 100
53 1 100
53 1 100
53 1 100
53 1 100
54 1 100
55 1 100
55 1 100
55 1 100
56 1 100
56 1 100
56 1 100
56 1 100
56 1 100
57 1 100
57 1 100
57 1 100
58 1 100
58 1 100
58 1 100
59 1 100
59 1 100
59 1 100
59 1 100
59 1 100
59 1 100
59 1 100
59 1 100
59 1 100
60 1 100
60 1 100
60 1 100
60 1 100
60 1 100
60 1 100
60 1 100
60 1 100
60 1 100
60 1 100
62 1 100
62 1 100
62 1 100
69 1 100
71 1 100
71 1 100
73 1 100
74 1 100
75 1 100
75 1 100
75 1 100
75 1 100
75 1 100
75 1 100
80 1 100
81 1 100
82 1 100
83 1 100
84 1 100
85 1 100
86 1 100
86 1 100
86 1 100
86 1 100
86 1 100
89 1 100
89 1 100
91 1 100
92 1 100
93 1 100
94 1 100
94 1 100
94 1 100
95 1 100
96 1 100
97 1 100
97 1 100
97 1 100
98 1 100
98 1 100
98 1 100
98 1 100
98 1 100
98 1 100
98 1 100
98 1 100
98 1 100
98 1 100
98 1 100
98 1 100
98 1 100
98 1 100
99 1 100
101 1 100
102 1 100
103 1 100
105 1 100
106 1 100
108 1 100
109 1 100
110 1 100
111 1 100
113 1 100
114 1 100
115 1 100
116 1 100
117 1 100
117 1 100
118 1 100
119 1 100
120 1 100
121 1 100
122 1 100
123 1 100
123 1 100
123 1 100
123 1 100
123 1 100
123 1 100
123 1 100
123 1 100
123 1 100
123 1 100
123 1 100
123 1 100
123 1 100
123 1 100
123 1 100
123 1 100
123 1 100
123 1 100
123 1 100
123 1 100
123 1 100
123 1 100
125 1 100
126 1 100
128 1 100
129 1 100
133 1 100
137 1 100
138 1 100
140 1 100
141 1 100
142 1 100
143 1 100
146 1 100
147 1 100
147 1 100
147 1 100
147 1 100
147 1 100
147 1 100
147 1 100
147 1 100
147 1 100
147 1 100
147 1 100
147 1 100
147 1 100
147 1 100
147 1 100
147 1 100
147 1 100
147 1 100
151 1 100
152 1 100
153 1 100
154 1 100
155 1 100
157 1 100
158 1 100
159 1 100
159 1 100
159 1 100
159 1 100
159 1 100
159 1 100
159 1 100
159 1 100
159 1 100
159 1 100
159 1 100
160 1 100
161 1 100
167 1 100
168 1 100
169 1 100
170 1 100
170 1 100
170 1 100
170 1 100
170 1 100
170 1 100
170 1 100
170 1 100
172 1 100
173 1 100
174 1 100
175 1 100
175 1 100
175 1 100
177 1 100
178 1 100
179 1 100
180 1 100
181 1 100
182 1 100
183 1 100
184 1 100
185 1 100
185 1 100
186 1 100
187 1 100
188 1 100
189 1 100
190 1 100
191 1 100
191 1 100
192 1 100
192 1 100
193 1 100
193 1 100
194 1 100
195 1 100
195 1 100
195 1 100
195 1 100
195 1 100
195 1 100
195 1 100
195 1 100
196 1 100
197 1 100
198 1 100
202 1 100
204 1 100
205 1 100
206 1 100
207 1 100
208 1 100
209 1 100
209 1 100
210 1 100
211 1 100
212 1 100
213 1 100
213 1 100
213 1 100
213 1 100
213 1 100
213 1 100
214 1 100
215 1 100
216 1 100
218 1 100
219 1 100
220 1 100
221 1 100
222 1 100
223 1 100
223 1 100
223 1 100
223 1 100
223 1 100
223 1 100
223 1 100
223 1 100
226 1 100
227 1 100
228 1 100
229 1 100
230 1 100
231 1 100
232 1 100
233 1 100
234 1 100
236 1 100
237 1 100
238 1 100
239 1 100
240 1 100
241 1 100
242 1 100
243 1 100
245 1 100
246 1 100
247 1 100
248 1 100
253 1 100
254 1 100
255 1 100
256 1 100
257 1 100
258 1 100
259 1 100
260 1 100
261 1 100
262 1 100
262 1 100
264 1 100
264 1 100
266 1 100
267 1 100
268 1 100
269 1 100
270 1 100
270 1 100
270 1 100
270 1 100
275 1 100
276 1 100
277 1 100
278 1 100
279 1 100
280 1 100
281 1 100
282 1 100
283 1 100
284 1 100
285 1 100
286 1 100
287 1 100
288 1 100
288 1 100
288 1 100
289 1 100
290 1 100
291 1 100
292 1 100
293 1 100
294 1 100
295 1 100
296 1 100
297 1 100
298 1 100
299 1 100
300 1 100
301 1 100
302 1 100
303 1 100
304 1 100
305 1 100
306 1 100
307 1 100
307 1 100
307 1 100
307 1 100
307 1 100
307 1 100
307 1 100
307 1 100
314 1 100
315 1 100
316 1 100
317 1 100
318 1 100
319 1 100
320 1 100
321 1 100
322 1 100
323 1 100
324 1 100
325 1 100
326 1 100
327 1 100
328 1 100
329 1 100
330 1 100
330 1 100
330 1 100
330 1 100
330 1 100
330 1 100
330 1 100
330 1 100
330 1 100
330 1 100
330 1 100
330 1 100
330 1 100
330 1 100
330 1 100
331 1 100
331 1 100
331 1 100
332 1 100
332 1 100
332 1 100
332 1 100
332 1 100
332 1 100
332 1 100
332 1 100
332 1 100
332 1 100
332 1 100
332 1 100
332 1 100
332 1 100
332 1 100
332 1 100
332 1 100
332 1 100
332 1 100
332 1 100
332 1 100
332 1 100
332 1 100
332 1 100
332 1 100
332 1 100
332 1 100
332 1 100
332 1 100
332 1 100
332 1 100
332 1 100
332 1 100
332 1 100
332 1 100
332 1 100
332 1 100
332 1 100
332 1 100
332 1 100
332 1 100
345 1 100
350 1 100
351 1 100
352 1 100
352 1 100
352 1 100
352 1 100
353 1 100
353 1 100
355 1 100
356 1 100
357 1 100
357 1 100
357 1 100
358 1 100
359 1 100
360 1 100
361 1 100
362 1 100
362 1 100
362 1 100
363 1 100
364 1 100
365 1 100
366 1 100
367 1 100
368 1 100
369 1 100
370 1 100
371 1 100
372 1 100
373 1 100
375 1 100
376 1 100
377 1 100
378 1 100
379 1 100
380 1 100
380 1 100
382 1 100
382 1 100
382 1 100
382 1 100
382 1 100
383 1 100
384 1 100
385 1 100
386 1 100
387 1 100
388 1 100
389 1 100
390 1 100
391 1 100
391 1 100
393 1 100
393 1 100
393 1 100
394 1 100
395 1 100
396 1 100
397 1 100
397 1 100
397 1 100
398 1 100
398 1 100
398 1 100
399 1 100
400 1 100
400 1 100
400 1 100
400 1 100
400 1 100
400 1 100
401 1 100
401 1 100
402 1 100
402 1 100
402 1 100
402 1 100
402 1 100
402 1 100
403 1 100
403 1 100
403 1 100
403 1 100
403 1 100
403 1 100
404 1 100
404 1 100
404 1 100
405 1 100
405 1 100
405 1 100
406 1 100
406 1 100
406 1 100
407 1 100
407 1 100
407 1 100
408 1 100
408 1 100
408 1 100
409 1 100
409 1 100
409 1 100
410 1 100
410 1 100
410 1 100
411 1 100
411 1 100
411 1 100
412 1 100
412 1 100
412 1 100
413 1 100
413 1 100
413 1 100
414 1 100
414 1 100
414 1 100
414 1 100
414 1 100
414 1 100
415 1 100
415 1 100
415 1 100
416 1 100
416 1 100
416 1 100
417 1 100
417 1 100
417 1 100
418 1 100
418 1 100
418 1 100
418 1 100
418 1 100
418 1 100
419 1 100
419 1 100
419 1 100
420 1 100
420 1 100
420 1 100
421 1 100
421 1 100
421 1 100
422 1 100
423 1 100
423 1 100
424 1 100
425 1 100
425 1 100
426 1 100
427 1 100
427 1 100
428 1 100
429 1 100
429 1 100
430 1 100
431 1 100
431 1 100
432 1 100
433 1 100
433 1 100
434 1 100
435 1 100
435 1 100
436 1 100
437 1 100
437 1 100
438 1 100
439 1 100
439 1 100
440 1 100
441 1 100
441 1 100
442 1 100
443 1 100
443 1 100
444 1 100
445 1 100
445 1 100
446 1 100
447 1 100
447 1 100
448 1 100
449 1 100
449 1 100
450 1 100
451 1 100
451 1 100
452 1 100
453 1 100
453 1 100
454 1 100
455 1 100
455 1 100
456 1 100
457 1 100
457 1 100
458 1 100
459 1 100
459 1 100
460 1 100
461 1 100
461 1 100
462 1 100
463 1 100
463 1 100
464 1 100
465 1 100
465 1 100
466 1 100
467 1 100
467 1 100
467 1 100
467 1 100
468 1 100
469 1 100
469 1 100
469 1 100
469 1 100
470 1 100
471 1 100
471 1 100
471 1 100
471 1 100
471 1 100
472 1 100
472 1 100
472 1 100
472 1 100
472 1 100
473 1 100
473 1 100
475 1 100
476 1 100
477 1 100
478 1 100
479 1 100
480 1 100
481 1 100
482 1 100
483 1 100
484 1 100
485 1 100
486 1 100
487 1 100
488 1 100
489 1 100
490 1 100
491 1 100
491 1 100
491 1 100
492 1 100
493 1 100
494 1 100
495 1 100
496 1 100
497 1 100
497 1 100
497 1 100
497 1 100
500 1 100
501 1 100
502 1 100
503 1 100
504 1 100
505 1 100
506 1 100
506 1 100
507 1 100
508 1 100
509 1 100
511 1 100
511 1 100
511 1 100
513 1 100
513 1 100
515 1 100
516 1 100
517 1 100
518 1 100
519 1 100
520 1 100
521 1 100
521 1 100
521 1 100
522 1 100
523 1 100
524 1 100
525 1 100
526 1 100
527 1 100
528 1 100
529 1 100
530 1 100
531 1 100
532 1 100
533 1 100
534 1 100
535 1 100
536 1 100
537 1 100
537 1 100
537 1 100
537 1 100
537 1 100
537 1 100
537 1 100
537 1 100
537 1 100
537 1 100
537 1 100
537 1 100
537 1 100
537 1 100
537 1 100
537 1 100
537 1 100
537 1 100
537 1 100
537 1 100
537 1 100
538 1 100
538 1 100
538 1 100
538 1 100
538 1 100
562 1 100
562 1 100
563 1 100
564 1 100
564 1 100
564 1 100
565 1 100
565 1 100
565 1 100
568 1 100
570 1 100
571 1 100
572 1 100
573 1 100
574 1 100
575 1 100
576 1 100
577 1 100
578 1 100
579 1 100
580 1 100
581 1 100
582 1 100
583 1 100
584 1 100
585 1 100
586 1 100
587 1 100
588 1 100
589 1 100
590 1 100
591 1 100
592 1 100
593 1 100
594 1 100
595 1 100
596 1 100
597 1 100
598 1 100
599 1 100
600 1 100
602 1 100
603 1 100
604 1 100
605 1 100
606 1 100
607 1 100
608 1 100
609 1 100
610 1 100
611 1 100
611 1 100
612 1 100
613 1 100
614 1 100
615 1 100
616 1 100
617 1 100
618 1 100
618 1 100
619 1 100
620 1 100
621 1 100
622 1 100
623 1 100
624 1 100
625 1 100
625 1 100
626 1 100
627 1 100
629 1 100
630 1 100
631 1 100
632 1 100
633 1 100
634 1 100
634 1 100
635 1 100
636 1 100
637 1 100
638 1 100
638 1 100
638 1 100
640 1 100
640 1 100
642 1 100
643 1 100
644 1 100
645 1 100
646 1 100
647 1 100
648 1 100
649 1 100
649 1 100
650 1 100
651 1 100
652 1 100
653 1 100
654 1 100
655 1 100
656 1 100
657 1 100
657 1 100
658 1 100
659 1 100
660 1 100
661 1 100
663 1 100
664 1 100
665 1 100
666 1 100
667 1 100
668 1 100
669 1 100
670 1 100
671 1 100
672 1 100
673 1 100
674 1 100
674 1 100
675 1 100
676 1 100
677 1 100
678 1 100
678 1 100
679 1 100
680 1 100
681 1 100
682 1 100
682 1 100
685 1 100
686 1 100
687 1 100
688 1 100
689 1 100
690 1 100
691 1 100
692 1 100
693 1 100
694 1 100
694 1 100
695 1 100
696 1 100
697 1 100
698 1 100
698 1 100
699 1 100
700 1 100
701 1 100
702 1 100
703 1 100
703 1 100
703 1 100
704 1 100
705 1 100
706 1 100
707 1 100
708 1 100
709 1 100
709 1 100
709 1 100
713 1 100
713 1 100
713 1 100
713 1 100
713 1 100
713 1 100
713 1 100
713 1 100
713 1 100
714 1 100
715 1 100
716 1 100
717 1 100
717 1 100
719 1 100
720 1 100
721 1 100
721 1 100
722 1 100
723 1 100
725 1 100
726 1 100
726 1 100
727 1 100
728 1 100
729 1 100
730 1 100
731 1 100
732 1 100
733 1 100
733 1 100
734 1 100
735 1 100
736 1 100
737 1 100
738 1 100
739 1 100
740 1 100
740 1 100
742 1 100
743 1 100
744 1 100
745 1 100
745 1 100
746 1 100
747 1 100
748 1 100
749 1 100
749 1 100
750 1 100
751 1 100
752 1 100
753 1 100
754 1 100
755 1 100
756 1 100
756 1 100
757 1 100
758 1 100
759 1 100
760 1 100
761 1 100
762 1 100
763 1 100
764 1 100
764 1 100
765 1 100
766 1 100
767 1 100
768 1 100
768 1 100
768 1 100
770 1 100
771 1 100
772 1 100
772 1 100
773 1 100
773 1 100
773 1 100
774 1 100
774 1 100
774 1 100
774 1 100
774 1 100
774 1 100
774 1 100
774 1 100
774 1 100
774 1 100
774 1 100
774 1 100
774 1 100
774 1 100
774 1 100
774 1 100
774 1 100
774 1 100
774 1 100
774 1 100
774 1 100
774 1 100
774 1 100
774 1 100
774 1 100
774 1 100
774 1 100
774 1 100
774 1 100
775 1 100
777 1 100
778 1 100
780 1 100
781 1 100
782 1 100
783 1 100
784 1 100
784 1 100
785 1 100
786 1 100
787 1 100
788 1 100
789 1 100
790 1 100
791 1 100
791 1 100
792 1 100
793 1 100
794 1 100
795 1 100
795 1 100
795 1 100
795 1 100
795 1 100
795 1 100
795 1 100
795 1 100
795 1 100
795 1 100
795 1 100
795 1 100
795 1 100
795 1 100
795 1 100
795 1 100
801 1 100
809 1 100
812 1 100
815 1 100
815 1 100
816 1 100
816 1 100
817 1 100
817 1 100
818 1 100
818 1 100
819 1 100
819 1 100
820 1 100
820 1 100
821 1 100
821 1 100
821 1 100
823 1 100
828 1 100
828 1 100
829 1 100
830 1 100
831 1 100
832 1 100
833 1 100
834 1 100
835 1 100
836 1 100
836 1 100
837 1 100
838 1 100
838 1 100
839 1 100
839 1 100
840 1 100
840 1 100
840 1 100
841 1 100
841 1 100
841 1 100
841 1 100
841 1 100
841 1 100
841 1 100
841 1 100
841 1 100
841 1 100
841 1 100
841 1 100
841 1 100
841 1 100
841 1 100
841 1 100
841 1 100
841 1 100
841 1 100
841 1 100
841 1 100
841 1 100
841 1 100
841 1 100
841 1 100
841 1 100
841 1 100
841 1 100
841 1 100
841 1 100
841 1 100
843 1 100
844 1 100
845 1 100
845 1 100
845 1 100
845 1 100
845 1 100
845 1 100
845 1 100
848 1 100
850 1 100
851 1 100
852 1 100
852 1 100
852 1 100
856 1 100
856 1 100
857 1 100
858 1 100
859 1 100
860 1 100
861 1 100
863 1 100
863 1 100
863 1 100
864 1 100
864 1 100
864 1 100
864 1 100
864 1 100
865 1 100
865 1 100
865 1 100
865 1 100
865 1 100
867 1 100
867 1 100
867 1 100
867 1 100
869 1 100
870 1 100
871 1 100
872 1 100
872 1 100
872 1 100
872 1 100
872 1 100
872 1 100
873 1 100
874 1 100
875 1 100
876 1 100
876 1 100
876 1 100
877 1 100
878 1 100
879 1 100
880 1 100
881 1 100
881 1 100
881 1 100
883 1 100
884 1 100
885 1 100
886 1 100
887 1 100
888 1 100
888 1 100
888 1 100
888 1 100
889 1 100
889 1 100
889 1 100
889 1 100
889 1 100
889 1 100
889 1 100
889 1 100
889 1 100
889 1 100
889 1 100
889 1 100
890 1 100
890 1 100
890 1 100
891 1 100
891 1 100
891 1 100
892 1 100
892 1 100
892 1 100
893 1 100
893 1 100
893 1 100
894 1 100
894 1 100
894 1 100
895 1 100
895 1 100
895 1 100
896 1 100
896 1 100
896 1 100
897 1 100
897 1 100
897 1 100
898 1 100
898 1 100
898 1 100
899 1 100
899 1 100
899 1 100
903 1 100
903 1 100
903 1 100
905 1 100
906 1 100
909 1 100
910 1 100
911 1 100
912 1 100
913 1 100
914 1 100
915 1 100
916 1 100
916 1 100
916 1 100
916 1 100
916 1 100
916 1 100
916 1 100
916 1 100
918 1 100
919 1 100
920 1 100
921 1 100
922 1 100
923 1 100
924 1 100
925 1 100
926 1 100
927 1 100
928 1 100
929 1 100
930 1 100
931 1 100
932 1 100
932 1 100
933 1 100
933 1 100
933 1 100
933 1 100
933 1 100
933 1 100
933 1 100
934 1 100
935 1 100
936 1 100
936 1 100
937 1 100
939 1 100
940 1 100
941 1 100
942 1 100
943 1 100
945 1 100
947 1 100
947 1 100
947 1 100
948 1 100
949 1 100
950 1 100
951 1 100
952 1 100
959 1 100
959 1 100
959 1 100
959 1 100
960 1 100
960 1 100
960 1 100
961 1 100
961 1 100
961 1 100
961 1 100
961 1 100
963 1 100
964 1 100
965 1 100
966 1 100
967 1 100
968 1 100
969 1 100
970 1 100
971 1 100
972 1 100
973 1 100
974 1 100
975 1 100
976 1 100
977 1 100
978 1 100
979 1 100
980 1 100
981 1 100
982 1 100
983 1 100
984 1 100
985 1 100
986 1 100
988 1 100
989 1 100
990 1 100
991 1 100
992 1 100
992 1 100
992 1 100
995 1 100
997 1 100
999 1 100
999 1 100
1000 1 100
1000 1 100
1001 1 100
1001 1 100
1002 1 100
1002 1 100
1003 1 100
1003 1 100
1004 1 100
1004 1 100
1005 1 100
1005 1 100
1006 1 100
1006 1 100
1007 1 100
1007 1 100
1007 1 100
1007 1 100
1007 1 100
1007 1 100
1009 1 100
1010 1 100
1012 1 100
1014 1 100
1015 1 100
1016 1 100
1017 1 100
1018 1 100
1019 1 100
1020 1 100
1021 1 100
1021 1 100
1022 1 100
1023 1 100
1023 1 100
1024 1 100
1024 1 100
1025 1 100
1025 1 100
1026 1 100
1026 1 100
1027 1 100
1027 1 100
1028 1 100
1029 1 100
1029 1 100
1030 1 100
1031 1 100
1033 1 100
1034 1 100
1034 1 100
1034 1 100
1034 1 100
1034 1 100
1038 1 100
1042 1 100
1042 1 100
1042 1 100
1043 1 100
1044 1 100
1045 1 100
1046 1 100
1046 1 100
1046 1 100
1047 1 100
1048 1 100
1049 1 100
1050 1 100
1051 1 100
1051 1 100
1051 1 100
1052 1 100
1053 1 100
1055 1 100
1056 1 100
1057 1 100
1058 1 100
1059 1 100
1060 1 100
1061 1 100
1061 1 100
1061 1 100
1061 1 100
1063 1 100
1063 1 100
1065 1 100
1066 1 100
1068 1 100
1069 1 100
1070 1 100
1071 1 100
1072 1 100
1073 1 100
1074 1 100
1075 1 100
1076 1 100
1077 1 100
1078 1 100
1079 1 100
1080 1 100
1081 1 100
1082 1 100
1083 1 100
1084 1 100
1085 1 100
1086 1 100
1087 1 100
1089 1 100
1089 1 100
1090 1 100
1090 1 100
1091 1 100
1091 1 100
1092 1 100
1093 1 100
1094 1 100
1094 1 100
1094 1 100
1096 1 100
1097 1 100
1098 1 100
1099 1 100
1100 1 100
1101 1 100
1102 1 100
1103 1 100
1103 1 100
1104 1 100
1105 1 100
1106 1 100
1107 1 100
1108 1 100
1111 1 100
1112 1 100
1113 1 100
1114 1 100
1115 1 100
1116 1 100
1117 1 100
1118 1 100
1118 1 100
1119 1 100
1120 1 100
1121 1 100
1122 1 100
1122 1 100
1122 1 100
1124 1 100
1125 1 100
1126 1 100
1127 1 100
1128 1 100
1129 1 100
1129 1 100
1130 1 100
1131 1 100
1132 1 100
1133 1 100
1135 1 100
1136 1 100
1137 1 100
1138 1 100
1138 1 100
1138 1 100
1138 1 100
1138 1 100
1138 1 100
1138 1 100
1138 1 100
1138 1 100
1138 1 100
1138 1 100
1139 1 100
1140 1 100
1141 1 100
1142 1 100
1143 1 100
1144 1 100
1144 1 100
1144 1 100
1144 1 100
1144 1 100
1145 1 100
1146 1 100
1148 1 100
1149 1 100
1151 1 100
1152 1 100
1159 1 100
1160 1 100
1160 1 100
1161 1 100
1162 1 100
1163 1 100
1164 1 100
1165 1 100
1165 1 100
1166 1 100
1168 1 100
1168 1 100
1170 1 100
1170 1 100
1171 1 100
1174 1 100
1175 1 100
1181 1 100
1182 1 100
1183 1 100
1184 1 100
1185 1 100
1186 1 100
1187 1 100
1188 1 100
1188 1 100
1188 1 100
1192 1 100
1193 1 100
1194 1 100
1195 1 100
1196 1 100
1197 1 100
1198 1 100
1202 1 100
1204 1 100
1205 1 100
1206 1 100
1209 1 100
1210 1 100
1211 1 100
1212 1 100
1213 1 100
1214 1 100
1215 1 100
1216 1 100
1217 1 100
1218 1 100
1219 1 100
1219 1 100
1220 1 100
1220 1 100
1221 1 100
1222 1 100
1222 1 100
1222 1 100
1223 1 100
1224 1 100
1225 1 100
1226 1 100
1227 1 100
1228 1 100
1228 1 100
1228 1 100
1231 1 100
1232 1 100
1233 1 100
1234 1 100
1235 1 100
1236 1 100
1237 1 100
1237 1 100
1238 1 100
1239 1 100
1240 1 100
1241 1 100
1242 1 100
1242 1 100
1243 1 100
1245 1 100
1245 1 100
1247 1 100
1248 1 100
1249 1 100
1250 1 100
1251 1 100
1252 1 100
1253 1 100
1253 1 100
1255 1 100
1256 1 100
1257 1 100
1259 1 100
1260 1 100
1261 1 100
1262 1 100
1263 1 100
1264 1 100
1265 1 100
1266 1 100
1267 1 100
1268 1 100
1269 1 100
1270 1 100
1271 1 100
1271 1 100
1272 1 100
1273 1 100
1274 1 100
1275 1 100
1275 1 100
1278 1 100
1279 1 100
1280 1 100
1282 1 100
1283 1 100
1284 1 100
1285 1 100
1286 1 100
1287 1 100
1288 1 100
1289 1 100
1290 1 100
1291 1 100
1292 1 100
1293 1 100
1293 1 100
1294 1 100
1295 1 100
1295 1 100
1297 1 100
1300 1 100
1300 1 100
1301 1 100
1302 1 100
1303 1 100
1304 1 100
1305 1 100
1306 1 100
1308 1 100
1308 1 100
1309 1 100
1313 1 100
1314 1 100
1316 1 100
1318 1 100
1320 1 100
1321 1 100
1322 1 100
1323 1 100
1324 1 100
1324 1 100
1324 1 100
1325 1 100
1326 1 100
1327 1 100
1328 1 100
1328 1 100
1328 1 100
1328 1 100
1328 1 100
1328 1 100
1329 1 100
1330 1 100
1331 1 100
1333 1 100
1334 1 100
1335 1 100
1336 1 100
1343 1 100
1344 1 100
1345 1 100
1347 1 100
1348 1 100
1348 1 100
1348 1 100
1348 1 100
1348 1 100
1353 1 100
1354 1 100
1355 1 100
1356 1 100
1357 1 100
1358 1 100
1359 1 100
1360 1 100
1361 1 100
1362 1 100
1363 1 100
1364 1 100
1365 1 100
1366 1 100
1366 1 100
1367 1 100
1368 1 100
1369 1 100
1370 1 100
1371 1 100
1372 1 100
1373 1 100
1374 1 100
1375 1 100
1376 1 100
1378 1 100
1379 1 100
1381 1 100
1382 1 100
1383 1 100
1384 1 100
1385 1 100
1386 1 100
1387 1 100
1391 1 100
1391 1 100
1391 1 100
1393 1 100
1393 1 100
1394 1 100
1395 1 100
1396 1 100
1397 1 100
1398 1 100
1399 1 100
1400 1 100
1401 1 100
1401 1 100
1403 1 100
1404 1 100
1407 1 100
1408 1 100
1409 1 100
1410 1 100
1411 1 100
1412 1 100
1412 1 100
1413 1 100
1414 1 100
1415 1 100
1416 1 100
1417 1 100
1417 1 100
1417 1 100
1418 1 100
1418 1 100
1419 1 100
1420 1 100
1421 1 100
1421 1 100
1421 1 100
1422 1 100
1423 1 100
1424 1 100
1425 1 100
1426 1 100
1427 1 100
1428 1 100
1429 1 100
1430 1 100
1431 1 100
1431 1 100
1431 1 100
1431 1 100
1434 1 100
1435 1 100
1436 1 100
1437 1 100
1438 1 100
1438 1 100
1439 1 100
1440 1 100
1446 1 100
1447 1 100
1448 1 100
1449 1 100
1449 1 100
1449 1 100
1449 1 100
1449 1 100
1449 1 100
1450 1 100
1451 1 100
1454 1 100
1455 1 100
1456 1 100
1457 1 100
1458 1 100
1459 1 100
1460 1 100
1461 1 100
1462 1 100
1463 1 100
1464 1 100
1464 1 100
1464 1 100
1466 1 100
1467 1 100
1468 1 100
1469 1 100
1470 1 100
1471 1 100
1472 1 100
1473 1 100
1474 1 100
1475 1 100
1476 1 100
1477 1 100
1478 1 100
1479 1 100
1480 1 100
1481 1 100
1482 1 100
1483 1 100
1484 1 100
1485 1 100
1487 1 100
1487 1 100
1490 1 100
1491 1 100
1491 1 100
1492 1 100
1494 1 100
1498 1 100
1499 1 100
1499 1 100
1499 1 100
1499 1 100
1499 1 100
1499 1 100
1500 1 100
1500 1 100
1500 1 100
1500 1 100
1500 1 100
1500 1 100
1501 1 100
1501 1 100
1501 1 100
1501 1 100
1501 1 100
1501 1 100
1502 1 100
1502 1 100
1502 1 100
1502 1 100
1502 1 100
1502 1 100
1503 1 100
1503 1 100
1503 1 100
1503 1 100
1503 1 100
1503 1 100
1504 1 100
1504 1 100
1504 1 100
1504 1 100
1504 1 100
1504 1 100
1505 1 100
1505 1 100
1505 1 100
1505 1 100
1506 1 100
1506 1 100
1506 1 100
1506 1 100
1506 1 100
1506 1 100
1507 1 100
1507 1 100
1507 1 100
1507 1 100
1507 1 100
1507 1 100
1508 1 100
1508 1 100
1508 1 100
1508 1 100
1508 1 100
1508 1 100
1509 1 100
1509 1 100
1509 1 100
1509 1 100
1509 1 100
1509 1 100
1510 1 100
1510 1 100
1510 1 100
1512 1 100
1512 1 100
1513 1 100
1513 1 100
1513 1 100
1514 1 100
1514 1 100
1514 1 100
1514 1 100
1514 1 100
1514 1 100
1521 1 100
1522 1 100
1523 1 100
1525 1 100
1531 1 100
1533 1 100
1535 1 100
1536 1 100
1537 1 100
1537 1 100
1538 1 100
1540 1 100
1541 1 100
1542 1 100
1543 1 100
1544 1 100
1545 1 100
1545 1 100
1549 1 100
1551 1 100
1552 1 100
1554 1 100
1556 1 100
1557 1 100
1557 1 100
1557 1 100
1557 1 100
1557 1 100
1557 1 100
1557 1 100
1557 1 100
1564 1 100
1567 1 100
1568 1 100
1569 1 100
1570 1 100
1571 1 100
1572 1 100
1573 1 100
1574 1 100
1575 1 100
1576 1 100
1577 1 100
1578 1 100
1579 1 100
1579 1 100
1580 1 100
1580 1 100
1581 1 100
1582 1 100
1583 1 100
1584 1 100
1585 1 100
1586 1 100
1587 1 100
1600 1 100
1601 1 100
1602 1 100
1603 1 100
1604 1 100
1606 1 100
1607 1 100
1608 1 100
1609 1 100
1610 1 100
1618 1 100
1619 1 100
1620 1 100
1620 1 100
1620 1 100
1620 1 100
1620 1 100
1620 1 100
1620 1 100
1620 1 100
1620 1 100
1620 1 100
1620 1 100
1620 1 100
1620 1 100
1620 1 100
1620 1 100
1620 1 100
1621 1 100
1622 1 100
1623 1 100
1625 1 100
1626 1 100
1627 1 100
1628 1 100
1633 1 100
